4.456592059304540	-0.1626808058834182	0.9898384244872306	-1.067662154958926	1.672206070242665	0.2419887990642633	-0.008675606800105066	-0.008157569168527444	5.516602087606455	-0.002306576230921466	-3.637569237638689	-2.991321074198184	0.0004960000000000000	222.1500000000000	3805724803.429399
4.460427564450779	-0.1794434830520813	0.9911577295719789	-1.067200762419463	1.676090894414533	0.2424392267698682	-0.008674693153467448	-0.008231574545115389	5.529469069859231	-0.002291957885042987	-3.640861134704608	-2.981462764321876	0.0005810000000000000	222.9300000000000	3805724806.434706
4.469611580241146	-0.1961723555825068	0.9935843738273514	-1.067962745076775	1.675661480777917	0.2424255220813498	-0.008646370108259619	-0.008094527551939705	5.504853413440052	-0.002260893900144693	-3.638083622762480	-2.972921027712449	0.0005400000000000000	222.5900000000000	3805724809.434166
4.470258444872663	-0.2122114250707050	0.9938219218342611	-1.067050010982217	1.675058474092082	0.2430203059071935	-0.008655506574425202	-0.008304666274362108	5.509753335572233	-0.002334899275894560	-3.644629959729814	-2.959123962929201	0.0005110000000000000	222.8700000000000	3805724812.428941
4.458646859472764	-0.2272427423936064	0.9912271666816962	-1.068492660847605	1.676088153528625	0.2428476267225019	-0.008627183529205489	-0.008214215259145697	5.501446395044753	-0.002358654087922287	-3.642913201330982	-2.976916429745059	0.0004600000000000000	222.9500000000000	3805724815.429427
4.449901396211425	-0.2410232774471808	0.9895268711396279	-1.066944941018270	1.676969822092883	0.2427736213763882	-0.008692052439319725	-0.008308320860858200	5.515038821652025	-0.002280994125666457	-3.646304687959670	-2.993439834454628	0.0004110000000000000	222.9500000000000	3805724818.433353
4.447107452812364	-0.2540984773459420	0.9891413124513986	-1.067368874157532	1.676391483984787	0.2425077502681549	-0.008658247514274658	-0.008248020183994152	5.502131636352855	-0.002306576230853769	-3.648002258813836	-2.982764719028381	-0.1228730000000000	223.4600000000000	3805724821.429117
4.449011500566455	-0.2673088971694432	0.9899992262150072	-1.071373392915677	1.674630887618640	0.2424026809170157	-0.008606169657057138	-0.008100923078408503	5.504568352669931	-0.002248102847553977	-3.647807651566778	-2.995647219026702	-0.1229330000000000	223.4600000000000	3805724824.430742
4.455143923151790	-0.2805110943646772	0.9919297605945315	-1.065822981779820	1.669994132545115	0.2410943392187867	-0.008606169657003093	-0.008141123529157772	5.475724303687863	-0.002312971757165916	-3.647466856093319	-3.003076127160100	-0.1229860000000000	223.3200000000000	3805724827.429209
4.460955654478705	-0.2926333611369866	0.9937113706464340	-1.068359268029586	1.674323902434570	0.2414122881793689	-0.008647283754850759	-0.008211474319204350	5.475885109844942	-0.002331244689477538	-3.640937876463365	-2.993189493235283	-0.1230590000000000	223.3500000000000	3805724830.429384
4.462349885273825	-0.3034728678362629	0.9944112236206132	-1.067174266634813	1.673775714582952	0.2422501019687308	-0.008671038566980923	-0.008195028679841355	5.459224634858751	-0.002370531493869904	-3.637846983035699	-2.991168494105037	-0.1231280000000000	223.4200000000000	3805724833.429322
4.462112336120547	-0.3134462374029047	0.9944413739445663	-1.069702330840002	1.672645534166353	0.2420710272362674	-0.008696620672283993	-0.008195942326337646	5.492360110321581	-0.002305662584271940	-3.634168609746371	-2.999350252354835	-0.2483200000000000	223.4000000000000	3805724836.428594
4.464739081577791	-0.3232122092347679	0.9954107525418963	-1.069631066255401	1.674712202067605	0.2425927193735894	-0.008861990710589858	-0.008281825108552500	5.461943668543078	-0.002326676456386524	-3.642403379202596	-2.996485951895164	-0.2483920000000000	223.5100000000000	3805724839.429467
4.467120968686760	-0.3322399544595268	0.9959516310806334	-1.071939854461346	1.678343032681300	0.2445460954603553	-0.008783417101267940	-0.008401512815741878	5.481702337244905	-0.002329417396251838	-3.645417525024576	-2.996329717246909	-0.2484590000000000	223.7500000000000	3805724842.429819
4.466635820217410	-0.3397848508054418	0.9959772131736888	-1.068782287072140	1.671161772583189	0.2415392850417095	-0.008702102552172958	-0.008317457327209376	5.474526503078639	-0.002296526118126757	-3.648656430729126	-2.995658182563794	-0.2485450000000000	223.3200000000000	3805724845.429069
4.466222850145751	-0.3463064626439111	0.9960027952667361	-1.068661686120083	1.672831918046352	0.2428211310006154	-0.008692052439255691	-0.008199596913517128	5.446044290617746	-0.002309317170729556	-3.641687987847183	-3.013041335274413	-0.2486220000000000	223.4100000000000	3805724848.435066
4.465861958159516	-0.3513726349462382	0.9959909178663936	-1.067984672461909	1.672888563963828	0.2422190380085585	-0.008766971462104865	-0.008453590673665284	5.472320941752799	-0.002297439764716904	-3.644949737551656	-3.010836691924627	-0.3732900000000000	224.7700000000000	3805724851.433668
4.462438509381887	-0.3554886144493028	0.9954500393276563	-1.069021662889888	1.673474211335660	0.2421788375532652	-0.008676520446765057	-0.008250761123608332	5.450619842899922	-0.002307489877476167	-3.646227941762179	-3.001959643903531	-0.3733680000000000	224.8900000000000	3805724854.430362
4.461467298805143	-0.3589531636941328	0.9951375723339859	-1.066863626577037	1.676512085383693	0.2429764508958530	-0.008681088679810307	-0.008212387965482165	5.422939802288372	-0.002267289426486925	-3.644683865579800	-2.999003064234535	-0.3734510000000000	224.5600000000000	3805724857.429693
4.462336180515010	-0.3614720883515221	0.9952965467693609	-1.064201256302885	1.670435423691379	0.2432185671871122	-0.008718548191278376	-0.008311975447271263	5.517398788388205	-0.002324849163232558	-3.648238897900399	-3.001876501543637	-0.3735300000000000	224.7400000000000	3805724860.433778
4.462311511949036	-0.3625483644678589	0.9952892375999246	-1.068953139189929	1.674984468693870	0.2425241958873237	-0.008663729394032361	-0.008151173641877056	5.428607189326032	-0.002283735065472906	-3.650827282925670	-2.988129686321185	-0.3736040000000000	224.5700000000000	3805724863.430041
4.460445837451364	-0.3623875626032084	0.9950114891611023	-1.070211233131849	1.671802238587098	0.2429188911314837	-0.008621701649478831	-0.008168532928290416	5.451065709760067	-0.002344949388691189	-3.644408853637386	-2.978521717080215	-0.4989380000000000	224.9900000000000	3805724866.434590
4.460868857671699	-0.3613935147132020	0.9952810147842945	-1.067262890639359	1.672003240756039	0.2420436178786466	-0.008607996950248503	-0.008243451950569258	5.466384022715379	-0.002293785178274611	-3.643407486294502	-2.981185013784716	-0.4990320000000000	224.5500000000000	3805724869.435105
4.463086287650548	-0.3595844937396597	0.9957223058893870	-1.066459794204198	1.671339933552612	0.2424903909877259	-0.008681088679828450	-0.008205078793252885	5.472500932963586	-0.002351344914982621	-3.647514370778818	-2.973678445480676	-0.4991040000000000	224.9500000000000	3805724872.430206
4.464177186458346	-0.3566836646619808	0.9958319434310201	-1.066808807325648	1.671129794943490	0.2441641912426128	-0.008687484206137082	-0.008026917701902291	5.446855590744168	-0.002269116719692766	-3.641824126191795	-2.970688974917341	-0.4991920000000000	224.8200000000000	3805724875.430022
4.462696158848272	-0.3521812124942201	0.9957478879824349	-1.070728357133860	1.675390127672385	0.2434204830433517	-0.008668297627172038	-0.008294616161728323	5.500805927532653	-0.002294698824887870	-3.650100924593545	-2.984733640199791	-0.4992830000000000	224.9700000000000	3805724878.429982
4.462690676945045	-0.3474457803796322	0.9956327685637130	-1.064095273166534	1.669425844556882	0.2422619793820700	-0.008619874356243942	-0.008072600033019085	5.482445138447257	-0.002324849163175341	-3.648502941243678	-2.996485951883795	-0.6239780000000000	226.0500000000000	3805724881.431829
4.461865650468209	-0.3411964353199010	0.9954874988210357	-1.063778237481258	1.670619066600683	0.2422053332792329	-0.008724030071039187	-0.008052499806935350	5.467917134407371	-0.002279166832451736	-3.647903581678475	-3.008889698134802	-0.6240700000000000	226.1000000000000	3805724884.430909
4.458959327951789	-0.3339375104489061	0.9947547545844195	-1.067940817259716	1.672203329318469	0.2425616554009223	-0.008684743266283587	-0.008329334733473907	5.454665500625327	-0.002260893900155441	-3.651188168985920	-2.988052939341811	-0.6241530000000000	225.4700000000000	3805724887.433693
4.461914073942733	-0.3259376179891827	0.9950279347923469	-1.067895135318548	1.671524490049345	0.2425077502605742	-0.008620788002938334	-0.008158482815173465	5.473357025739346	-0.002286476005360480	-3.647760135278504	-2.987177660466831	-0.6242330000000000	225.8200000000000	3805724890.433961
4.461605260044896	-0.3171465073786993	0.9945062428233650	-1.064855428651545	1.671011020861216	0.2421578236809015	-0.008650938341412583	-0.008258070296345815	5.480854468516864	-0.002285562358746164	-3.651634031025497	-2.981773405963205	-0.6243200000000000	225.8500000000000	3805724893.433414
4.459793490932778	-0.3074856050096235	0.9938557267429341	-1.068386678074659	1.671731887893741	0.2426374880511030	-0.008611651536649990	-0.008250761124074395	5.492861706804082	-0.002341294802222033	-3.646107333545896	-2.990066629570455	-0.7498310000000000	226.7200000000000	3805724896.430960
4.455390608809024	-0.2967822316476241	0.9926899142166933	-1.067885085268922	1.672512141716584	0.2419120527753676	-0.008704843491855479	-0.008064377213657150	5.476377564198519	-0.002318453636832028	-3.648075345930650	-2.991471826988100	-0.7499130000000001	226.4900000000000	3805724899.430839
4.449590755017232	-0.2854831606526902	0.9909402817810300	-1.066898345176971	1.668484788761319	0.2428604177976915	-0.008630838115656014	-0.008226092664894396	5.486244114693064	-0.002371445140536881	-3.648851039191265	-3.018778160300895	-0.7499960000000000	226.5900000000000	3805724902.435385
4.445603584018869	-0.2727779872784881	0.9894281973521070	-1.066514612633703	1.670240817098254	0.2417722648914458	-0.008565969205650701	-0.008150259995758838	5.465443871317384	-0.002349517621758248	-3.645489703414232	-3.042241672256287	-0.7500890000000000	226.4900000000000	3805724905.430983
4.439786371028553	-0.2595730492552546	0.9877087152400492	-1.069318598507710	1.673939257319660	0.2420856456400012	-0.008660988454206309	-0.008188633153429128	5.452853726531794	-0.002272771306119988	-3.653195467707432	-3.036290138977729	-0.7501800000000000	225.9600000000000	3805724908.430119
4.441692246048959	-0.2469245223500132	0.9876794785622691	-1.062411419902984	1.665095160951386	0.2437567049394400	-0.008617133416469393	-0.008082650145516108	5.486667130940350	-0.002351344914968640	-3.645082214709115	-3.036056244129165	-0.8745390000000000	227.4100000000000	3805724911.433980
4.449079110706823	-0.2338246540922519	0.9891193849430563	-1.071341414610757	1.678376837516766	0.2433629233383381	-0.008565055559042585	-0.008092700258201989	5.471366176217925	-0.002303835291060481	-3.639880779031374	-3.037910959481124	-0.8746200000000000	226.8400000000000	3805724914.430095
4.454396556986969	-0.2186763898700512	0.9903783893799576	-1.070017539123562	1.672759739850634	0.2422519292619704	-0.008602515070474414	-0.008164878341264753	5.477660341393373	-0.002293785178256079	-3.641713569968696	-3.042247154013173	-0.8747160000000000	227.0200000000000	3805724917.434359
4.458725433402329	-0.2034733070879270	0.9913815728862290	-1.066760384188793	1.667512669198880	0.2422245198612995	-0.008667383980488828	-0.008133814356574455	5.485115749311230	-0.002348603975132120	-3.643231150106679	-3.038081811680236	-0.8748100000000000	227.6600000000000	3805724920.437951
4.455097326975020	-0.1874534243290671	0.9901673371122317	-1.062553035224491	1.663837070195105	0.2427188025798204	-0.008658247514314391	-0.008295529808502520	5.467998447738544	-0.002294698824849996	-3.643060296414327	-3.038132062530452	-0.8748870000000000	227.7000000000000	3805724923.430875
4.445113867325407	-0.1714244053726972	0.9873158473823013	-1.065823894867123	1.672778926561844	0.2430568517827643	-0.008724943717544755	-0.008306493567874560	5.449854200959230	-0.002330331042866974	-3.644980798888467	-3.023067758666329	-1.000485000000000	227.8200000000000	3805724926.435338
4.443433663971240	-0.1549111539048944	0.9864350924640229	-1.064434236060640	1.669484317962203	0.2431180660871626	-0.008610737890043503	-0.008114627777519694	5.486005647317878	-0.002359567734492539	-3.639781189227053	-3.020874992235097	-1.000576000000000	228.2100000000000	3805724929.432817
4.448214797281627	-0.1378643330261695	0.9871047951145595	-1.069962720308740	1.675547274804975	0.2427818441844892	-0.008711239018298933	-0.008350348605727319	5.453525270302505	-0.002307489877452517	-3.643061209550090	-3.041825960247722	-1.000668000000000	228.2900000000000	3805724932.430113
4.448124345876421	-0.1200162442674690	0.9866689858863176	-1.072151820944161	1.673354523732587	0.2420810773590795	-0.008580587551603552	-0.008141123529402244	5.417371080164207	-0.002271857659525541	-3.644796244122682	-3.031320782922505	-1.000768000000000	227.7700000000000	3805724935.430488
4.444731047743788	-0.1022147518054840	0.9852756754604973	-1.067552516814337	1.670910519845552	0.2425104912185586	-0.008722202777917173	-0.008106404958332418	5.426699480570550	-0.002363222320978626	-3.650890322226409	-3.028466532338022	-1.000863000000000	228.0600000000000	3805724938.431323
4.436714677967393	-0.08463527580053919	0.9830555152407611	-1.070455176521407	1.672435395519396	0.2418745932994425	-0.008692052439273509	-0.008265379469600527	5.449261241242263	-0.002299267057949056	-3.658453554712482	-3.029476118151369	-1.125139000000000	229.0100000000000	3805724941.434533
4.435579010360073	-0.06694433519677567	0.9827238616770444	-1.066114435230136	1.671544590279005	0.2422089878714933	-0.008692966085942994	-0.008151173642103953	5.443483298616855	-0.002303835291024484	-3.650648200339206	-3.007540234840797	-1.125223000000000	228.9000000000000	3805724944.430551
4.441991009769584	-0.04906335638769895	0.9833862551583002	-1.067208985640321	1.672815472411099	0.2421039185229226	-0.008623528942805013	-0.008190460446722390	5.439770207576786	-0.002320280930067135	-3.657295949282934	-3.005155601125508	-1.125316000000000	229.5500000000000	3805724947.433313
4.442669852122735	-0.03134866156435923	0.9827960397253364	-1.067778188412210	1.672537723927416	0.2426009421967469	-0.008630838115704706	-0.008185892213838749	5.469283957621845	-0.002300180704562849	-3.657756432007328	-2.995264398736635	-1.125420000000000	229.2200000000000	3805724950.430341
4.431670413461538	-0.01374177732983841	0.9796220328919865	-1.076087816099420	1.679052935820987	0.2432806951408435	-0.008594292250912561	-0.008083563792518057	5.492128039586661	-0.002288303298553981	-3.650719464388818	-2.982751928496616	-1.125497000000000	228.7500000000000	3805724953.432067
4.424849098804399	0.003816683352083750	0.9775663289840385	-1.063672254082132	1.674845594369804	0.2415347168140009	-0.008651851987970702	-0.008391462703011941	5.475240065148738	-0.002332158336074664	-3.649549071378368	-2.980969392299803	-1.251150000000000	229.9400000000000	3805724956.429645
4.428450709074871	0.02171502029456407	0.9781227395084798	-1.078544614978597	1.662826577028111	0.2453857365033856	-0.008619874356203126	-0.008148432702622532	5.472340131218273	-0.002300180704550235	-3.650765146051657	-2.975516714500799	-1.251252000000000	230.1100000000000	3805724959.432554
4.434510952899010	0.03919307953085725	0.9790318174589164	-1.056976128194074	1.674665605829721	0.2435959031518264	-0.008707584431894342	-0.008225179018613324	5.485390758587672	-0.002376013373590003	-3.651951069105522	-2.991847338887350	-1.251346000000000	229.8600000000000	3805724962.432638
4.427652178537268	0.05575383734905342	0.9769852500126386	-1.063685959020107	1.676474625882216	0.2435027112371106	-0.008615306123153461	-0.008207819732780933	5.525423410347000	-0.002270944012877107	-3.660820835666723	-3.004616545288138	-1.251437000000000	229.7100000000000	3805724965.430859
4.422734911568885	0.07233195422003010	0.9753288094856134	-1.071345069554557	1.669071349716060	0.2421066594643771	-0.008689311499487096	-0.008332989319585699	5.496883607584782	-0.002245361907656994	-3.662691085338595	-2.998982964067497	-1.251527000000000	229.9200000000000	3805724968.432162
4.425103093643083	0.08818006727461089	0.9755133660142832	-1.069074654981822	1.672144855898177	0.2436735631108957	-0.008621701649559986	-0.008199596913473455	5.550946333234781	-0.002306576230865068	-3.660574143064875	-3.001276231901087	-1.375972000000000	231.2500000000000	3805724971.434973
4.428959612395924	0.1034662875052370	0.9759044065799694	-1.066086112012784	1.672292866698974	0.2422720294731071	-0.008653679281238520	-0.008234315484821996	5.481822950789660	-0.002348603975148504	-3.656646341232267	-2.996705228730963	-1.376060000000000	231.1400000000000	3805724974.432574
4.431610112516490	0.1188420449080493	0.9761255089559037	-1.062959609148615	1.674124727445262	0.2433181546270869	-0.008629924469063041	-0.008044276987698334	5.487973656806564	-0.002286476005326910	-3.651653218998130	-3.004455742606186	-1.376147000000000	231.2800000000000	3805724977.436002
4.431895171475404	0.1329341287758892	0.9757134545280353	-1.065633856348170	1.670859355620792	0.2427379891522994	-0.008668297627166987	-0.008410649282423299	5.506245830271363	-0.002312971757152483	-3.647256712554975	-3.013261525642506	-1.376246000000000	231.4600000000000	3805724980.437091
4.434722919819753	0.1462514402545974	0.9759510025352338	-1.067396283882798	1.670913260700207	0.2440545536498534	-0.008660988454163817	-0.008228833604717791	5.517795320884277	-0.002313885403746401	-3.650242535883895	-3.012430101566939	-1.376334000000000	231.0800000000000	3805724983.431613
4.435611901774878	0.1580566666515457	0.9759336432577868	-1.066736629006594	1.676014148182653	0.2418133789711840	-0.008663729394058819	-0.008165791987882209	5.523851012030879	-0.002308403524107954	-3.650888489328613	-3.004347017495603	-1.501921000000000	233.0300000000000	3805724986.431922
4.431935372099536	0.1696142947441472	0.9750994842940393	-1.066905654259846	1.673285086496191	0.2423569986120600	-0.008716720898036812	-0.008256243003468507	5.524536255619881	-0.002288303298546440	-3.649600235510196	-2.979449987913675	-1.502014000000000	232.5700000000000	3805724989.431521
4.431818424832811	0.1807781411050371	0.9751168435714909	-1.055130560214680	1.687951850924532	0.2436507219545169	-0.008651851987987460	-0.008283652402497205	5.532755480920570	-0.002257239313668573	-3.652260804501381	-2.974759296368039	-1.502098000000000	232.1100000000000	3805724992.431304
4.428675467092955	0.1902928554940042	0.9739702176135667	-1.068123547189606	1.667730117004917	0.2432039488364262	-0.008724943717603181	-0.008331162026186995	5.511420753401684	-0.002313885403804421	-3.654457228991952	-2.993776058749940	-1.502197000000000	232.1200000000000	3805724995.433578
4.427425593203017	0.1997929514715188	0.9734192889660430	-1.073784509887562	1.671509871698609	0.2411427624862415	-0.008734993830552845	-0.008149346349426795	5.554003416989028	-0.002279166832434299	-3.657458583988382	-3.003408696643285	-1.502299000000000	232.4200000000000	3805724998.435008
4.429444760815430	0.2085694393893658	0.9737427197143453	-1.061440211958072	1.674354052811817	0.2434323604619814	-0.008656420221101496	-0.008092700258697192	5.551383969472145	-0.002336726569146338	-3.657430257533872	-3.016573516180713	-1.627177000000000	233.9200000000000	3805725001.436581
4.435020769890659	0.2163628436669425	0.9749432507969863	-1.066371170358932	1.670697640164680	0.2434095192684297	-0.008660988454216319	-0.008041536047999379	5.549231399659562	-0.002327590103012154	-3.654144754044592	-3.033995957416934	-1.627245000000000	233.6600000000000	3805725004.430680
4.435987412138897	0.2226176672799522	0.9749578691359031	-1.067071938413651	1.674301974915185	0.2428412311937121	-0.008648197401446027	-0.008173101161076463	5.526195446424669	-0.002289216945203499	-3.654563208525832	-3.044364087219142	-1.627344000000000	233.7400000000000	3805725007.431830
4.434597749697526	0.2277423102107181	0.9742945620080644	-1.061946373339138	1.665041255885873	0.2428147354718065	-0.008779762514766436	-0.008220610785493881	5.537156552370063	-0.002317539990240518	-3.649201883728487	-3.026920631558061	-1.627431000000000	233.6400000000000	3805725010.431486
4.435796459179493	0.2319313791641974	0.9742680662687880	-1.066317264997623	1.673417565297850	0.2419138800815628	-0.008743216649992155	-0.008497445711318581	5.535506491923300	-0.002298353411315907	-3.644264493770032	-3.023575749283437	-1.627527000000000	233.6200000000000	3805725013.431754
4.435405416756780	0.2352780660860440	0.9743091803469606	-1.070451521957801	1.675835073464744	0.2431875032257867	-0.008738648416806142	-0.008294616161695252	5.564950816400110	-0.002292871531627238	-3.647963881229101	-3.031382910413655	-1.752666000000000	235.8600000000000	3805725016.434628
4.441169637941227	0.2378298805968510	0.9755407753997301	-1.068448806202000	1.677304216686412	0.2436890950997543	-0.008643629168356147	-0.008163964694920322	5.533435238381864	-0.002292871531664298	-3.649061180057496	-3.040589787536408	-1.752750000000000	235.2800000000000	3805725019.430859
4.433468477696195	0.2382830492314131	0.9735216173383102	-1.065642079410881	1.667117973872503	0.2433053636100110	-0.008669211273711586	-0.008157569168768695	5.541807053017105	-0.002255412020409811	-3.656976170519092	-3.037907303715523	-1.752854000000000	235.4400000000000	3805725022.430374
4.429688705498385	0.2377741481641322	0.9721273932650797	-1.066965955273350	1.674379634796689	0.2433035362987735	-0.008669211273832748	-0.008105491310898121	5.539495506582168	-0.002248102847528189	-3.656926837745006	-3.044169478901656	-1.752942000000000	235.8200000000000	3805725025.430623
4.430932183837874	0.2369774484676515	0.9723128634399620	-1.065728875704058	1.671379220410097	0.2421687874415042	-0.008693879732516792	-0.008176755747155385	5.532001717501471	-0.002270944012919297	-3.656575081427555	-3.035969446670932	-1.753029000000000	235.6900000000000	3805725028.431478
4.432189366940319	0.2354342996277813	0.9727550681919361	-1.066175649825391	1.675803095935246	0.2439275568054109	-0.008648197401527266	-0.008274515935795835	5.521913152792228	-0.002285562358738388	-3.659877028946556	-3.033713638416217	-1.878041000000000	237.4100000000000	3805725031.430153
4.437116684190443	0.2336033521566239	0.9743603445331211	-1.063368922821337	1.673906366185230	0.2425543462308788	-0.008557746386109453	-0.008077168266168213	5.499665683296291	-0.002270944012880579	-3.657726283308371	-3.025506297271885	-1.878134000000000	237.3700000000000	3805725034.436542
4.441038985909270	0.2302676289880412	0.9755681847851729	-1.077420828354162	1.677832304313223	0.2414881208360893	-0.008659161160913266	-0.008154828228486725	5.529504699681786	-0.002265462133180087	-3.660191321522497	-3.013273403094990	-1.878235000000000	237.2800000000000	3805725037.430345
4.442052224353323	0.2255906728263103	0.9758888745948942	-1.067328673188211	1.674503890681302	0.2440993223586161	-0.008661902100846166	-0.008182237626841568	5.543811604989170	-0.002316626343605507	-3.659157064113777	-3.014473942504031	-1.878321000000000	236.8500000000000	3805725040.431300
4.440249591848375	0.2198840370979066	0.9756321400178840	-1.068917507575163	1.674180459892531	0.2428330083897074	-0.008650024694688488	-0.008024176761941400	5.518290519621772	-0.002322108223329923	-3.657954694505352	-3.035030212109791	-1.878418000000000	237.5600000000000	3805725043.432822
4.438029421061610	0.2131413262649892	0.9756431037720694	-1.064762236507804	1.668218917621260	0.2425442960972350	-0.008714893604733051	-0.008357657779165664	5.495258217898159	-0.002417127471225811	-3.660156603343959	-3.053602029020436	-2.003421000000000	239.5200000000000	3805725046.432962
4.434534707813216	0.2050573823947779	0.9752264811132845	-1.066729320475523	1.673951134693934	0.2431975533171996	-0.008598860484028048	-0.008293702515453602	5.504166342673793	-0.002324849163153304	-3.657548119600988	-3.048527602207321	-2.003518000000000	238.9100000000000	3805725049.431415
4.434298072328316	0.1960561374239669	0.9754777338132035	-1.075892295292046	1.681403747783410	0.2421459462526779	-0.008663729393997255	-0.008261724883200691	5.500682578436056	-0.002252671080572190	-3.651717174963702	-3.023271503293773	-2.003614000000000	239.1100000000000	3805725052.432622
4.435789149976189	0.1863203206293127	0.9758779108407057	-1.065777298810166	1.675634071297215	0.2427964625395961	-0.008700275258930808	-0.008086304732621126	5.510881694614261	-0.002354999501433781	-3.647483299671316	-3.010989271873367	-2.003713000000000	239.2600000000000	3805725055.435266
4.440348266109081	0.1761048393623530	0.9770619962918955	-1.069762631554999	1.676151195079032	0.2433099318316659	-0.008655506574450956	-0.008174928454028483	5.506896343582944	-0.002238052734741811	-3.642439925640079	-2.985448116841522	-2.003803000000000	239.1400000000000	3805725058.431534
4.444759370906411	0.1653585294078949	0.9781976584953690	-1.066084284964707	1.671799497668006	0.2443551433243245	-0.008656420221010290	-0.008253502063523524	5.511500240473737	-0.002277339539179836	-3.643204654514272	-2.965906005180977	-2.128960000000000	241.7200000000000	3805725061.430692
4.446551039627552	0.1535807124722945	0.9785722534297141	-1.065954546632132	1.671431298190788	0.2436050396215485	-0.008619874356285639	-0.008037881461090990	5.539465356510317	-0.002340381155578143	-3.641337144605076	-2.957516848595922	-2.129055000000000	241.6500000000000	3805725064.432097
4.445393444384484	0.1412510529408418	0.9783566329309208	-1.066644350867110	1.670253608086686	0.2437978190027161	-0.008625356236009086	-0.008178583040992208	5.493910578711474	-0.002361395027742157	-3.642738690475510	-2.950607809233472	-2.129148000000000	241.0500000000000	3805725067.431683
4.444302545633874	0.1277628895116439	0.9784023152399886	-1.065934446330056	1.671859798316628	0.2423524303813722	-0.008734993830417145	-0.008123764243716259	5.527438931147746	-0.002284648712105763	-3.641999543863067	-2.944109914013609	-2.129232000000000	241.3000000000000	3805725070.436054
4.445238123791217	0.1134999536863186	0.9789733441033110	-1.064786904624729	1.673290568412773	0.2428503676560622	-0.008686570559584652	-0.008346694018491165	5.525268089363763	-0.002310230817333404	-3.648632676717609	-2.954011164556233	-2.129335000000000	241.5200000000000	3805725073.433035
4.444158188849930	0.09829687541429932	0.9791085637381438	-1.070791398825665	1.676874802933146	0.2422574111447620	-0.008613478829929239	-0.008077168265840007	5.504763872051779	-0.002325762809786688	-3.652596110896388	-2.994673265691562	-2.254725000000000	244.0700000000000	3805725076.435779
4.437775426217040	0.08330119472103895	0.9781611126481055	-1.060202219262837	1.671410284401054	0.2432752132795144	-0.008692052439213204	-0.008273602288757863	5.471350648058644	-0.002335812922547038	-3.650741391422583	-3.006520597532427	-2.254827000000000	243.7400000000000	3805725079.433026
4.440423185458672	0.06769793888045368	0.9792794155740288	-1.070721047806396	1.673279604619536	0.2430358378806450	-0.008692966085915937	-0.008227006311506239	5.494595817219895	-0.002326676456417434	-3.661224665244582	-3.018016173723808	-2.254924000000000	244.2600000000000	3805725082.432323
4.447767108512412	0.05187632130671006	0.9814283113922447	-1.076127102912060	1.672571528674017	0.2443176838632425	-0.008658247514411618	-0.008220610785381971	5.434018771515418	-0.002266375779813513	-3.655219213007910	-3.041389234232639	-2.255014000000000	243.6400000000000	3805725085.432929
4.447771676764490	0.03531008155273196	0.9819399532536789	-1.089805325667072	1.648777437684267	0.2427251981380485	-0.008615306123194862	-0.008117368717392217	5.483874098674335	-0.002270030366267613	-3.652627174000817	-3.044486517210731	-2.255118000000000	243.9200000000000	3805725088.435504
4.444566590641243	0.01780004462734425	0.9813862836679179	-1.066950423523675	1.674641851473320	0.2446000005981948	-0.008640888228516998	-0.008144778115949592	5.457368087717448	-0.002334899275907188	-3.652999032545556	-3.056226953610994	-2.380192000000000	247.4400000000000	3805725091.436034
4.444170066305250	0.0002890937869002606	0.9814968348558353	-1.067933508269482	1.672164956137267	0.2424949592051572	-0.008682915973104841	-0.008152087288477510	5.452695670477953	-0.002345863035304425	-3.652894875871363	-3.078374808619256	-2.380275000000000	247.7700000000000	3805725094.432408
4.450725509023978	-0.01678513423836355	0.9835918255489926	-1.063547998361622	1.675947451934973	0.2420591498773445	-0.008669211273715645	-0.008158482815058052	5.435909113905178	-0.002257239313645189	-3.647287776943372	-3.099080921321377	-2.380368000000000	247.1100000000000	3805725097.437585
4.456275022554461	-0.03407132855111446	0.9858138130610479	-1.065179772952197	1.668710459471175	0.2427964625267183	-0.008703929845337213	-0.008105491310962177	5.416731524212337	-0.002310230817343618	-3.647590196698549	-3.087599960398716	-2.380459000000000	247.1600000000000	3805725100.432189
4.452066748040131	-0.05127712223186162	0.9859572555114465	-1.070591310044615	1.674164927835776	0.2431034477443617	-0.008642715521726123	-0.008205992439313298	5.434476500573695	-0.002331244689464106	-3.649327053851020	-3.085370647668952	-2.380553000000000	246.7300000000000	3805725103.431931
4.447979989089184	-0.06883741109672180	0.9853862266484055	-1.067369787342364	1.669809576164184	0.2423844080095524	-0.008695707025754855	-0.008227006311602510	5.462006706569981	-0.002313885403778361	-3.647240266163069	-3.072273435125700	-2.505946000000000	250.4900000000000	3805725106.435536
4.447689448213769	-0.08621679821142558	0.9853706946633295	-1.068009340362789	1.670488415210170	0.2429426459604741	-0.008696620672394647	-0.008242538304272714	5.424343172081865	-0.002310230817313531	-3.653560015844554	-3.072030403549935	-2.506048000000000	251.2600000000000	3805725109.435874
4.450816874067167	-0.1035532442230787	0.9866287854543612	-1.070614151618546	1.670632771258197	0.2424721180893698	-0.008688397852827276	-0.008185892213780913	5.459299551020872	-0.002282821418890003	-3.656337525774027	-3.083676735335843	-2.506140000000000	251.3200000000000	3805725112.437589
4.449906878110356	-0.1210057236603092	0.9870408398819088	-1.065949978472171	1.670114733863393	0.2434652517095817	-0.008642715521766171	-0.008062549920143542	5.482048615719512	-0.002285562358746693	-3.655412913630299	-3.094948469868117	-2.506242000000000	250.5600000000000	3805725115.431906
4.447206127073486	-0.1375646568963306	0.9871523047159511	-1.066935804798472	1.673169053503195	0.2433172409897773	-0.008629010822473613	-0.007903575408377017	5.485007022949519	-0.002316626343624848	-3.655581026133726	-3.109433521643535	-2.506337000000000	251.0500000000000	3805725118.436039
4.449839267968607	-0.1544406258303198	0.9882578165946703	-1.067309486797044	1.672974446748620	0.2409691696500021	-0.008656420220986802	-0.008246192890477302	5.508400215189559	-0.002288303298569005	-3.652893965760784	-3.099769815703582	-2.630921000000000	255.5800000000000	3805725121.436903
4.450143513606141	-0.1709036267168906	0.9886452025752817	-1.070629683443114	1.671663364443401	0.2425698782122882	-0.008633579055578372	-0.008003162889773605	5.475369806214966	-0.002271857659497870	-3.657656847387140	-3.095097395357134	-2.631001000000000	255.7000000000000	3805725124.435731
4.454828713699404	-0.1871336479578585	0.9900421675855029	-1.063007118677110	1.667618652046873	0.2402903303741647	-0.008581501198315746	-0.008441713268147948	5.483382546329070	-0.002294698824878195	-3.654981665504247	-3.102183686349669	-2.631089000000000	255.8500000000000	3805725127.432984
4.455408881811812	-0.2034413294498875	0.9902029693132935	-1.065066481114521	1.667469727722355	0.2430888293916128	-0.008631751762291619	-0.008207819732951116	5.527592423573338	-0.002273684952727615	-3.656459042589607	-3.099283752562116	-2.631186000000000	255.7900000000000	3805725130.436767
4.458149833537407	-0.2191633636205290	0.9907027337740733	-1.062011242433002	1.663196603978550	0.2437640141228325	-0.008665556687256215	-0.008306493567796893	5.501761604419296	-0.002353172208246760	-3.655120537661360	-3.124898923967209	-2.631277000000000	255.2700000000000	3805725133.431668
4.451704028771060	-0.2338054675075316	0.9892673956243143	-1.067734333161229	1.672798113032334	0.2427681394816868	-0.008668297627179883	-0.008192287739958578	5.498953032036262	-0.002322108223365663	-3.642316581807192	-3.153945778826321	-2.756619000000000	261.0800000000000	3805725136.434165
4.443252761170417	-0.2463717660129626	0.9876292280223219	-1.071666673653437	1.676400620534320	0.2420536680036583	-0.008713979958170751	-0.008148432702163777	5.536464915807520	-0.002309317170735975	-3.647269504422476	-3.136362527470472	-2.756721000000000	261.8000000000000	3805725139.432146
4.439471161596471	-0.2584401271616168	0.9872802151812687	-1.063518761607797	1.668889534092427	0.2432340991970783	-0.008724943717615688	-0.008343039433091998	5.535384061974272	-0.002366876907417683	-3.639332586018255	-3.107699408692993	-2.756816000000000	261.5700000000000	3805725142.431954
4.445195182218122	-0.2714011214551835	0.9892235406076506	-1.079884936277795	1.679020044566657	0.2413867060676075	-0.008614392476522376	-0.008236142777828992	5.524468639706646	-0.002291957885027154	-3.650301924266184	-3.089190629821104	-2.756906000000000	262.1700000000000	3805725145.435653
4.446859853515348	-0.2837728137015242	0.9901006409410573	-1.066333711048411	1.669191951113003	0.2426795157842261	-0.008748698529748109	-0.008315630034090242	5.548405457033883	-0.002307489877475350	-3.643555497069078	-3.095148559538826	-2.757010000000000	261.7100000000000	3805725148.437277
4.452412107953837	-0.2952372547606678	0.9917260174962808	-1.061069271534302	1.659571255466257	0.2416233404981027	-0.008632665409019606	-0.008155741875824253	5.538147871542129	-0.002316626343659782	-3.639833268028898	-3.087364237823171	-2.881841000000000	268.3800000000000	3805725151.432426
4.455696681742005	-0.3058163721247493	0.9927109280788541	-1.071371566243151	1.674268170031397	0.2425424688064164	-0.008639974581850720	-0.008504754883917675	5.544578162624934	-0.002277339539204556	-3.645648679916116	-3.058730361195260	-2.881925000000000	268.0500000000000	3805725154.432162
4.451124774306319	-0.3146522513184429	0.9921060943073777	-1.064718381236688	1.669434980988780	0.2435767165934097	-0.008702102552114534	-0.008149346349322382	5.549189377635877	-0.002314799050410427	-3.639072192758551	-3.043186388385345	-2.882016000000000	268.5600000000000	3805725157.431353
4.450348171329544	-0.3234707713107544	0.9922614141580589	-1.068011168110830	1.672368699315596	0.2440527263696266	-0.008794380860678916	-0.008205992439392278	5.539680984580725	-0.002298353411322640	-3.644102775611774	-3.049112339549079	-2.882105000000000	268.4700000000000	3805725160.436747
4.451400696775537	-0.3318644455730753	0.9929155848232819	-1.064849946096743	1.673243972444302	0.2431938987314022	-0.008851940597810535	-0.008405167402145936	5.534908962100167	-0.002341294802240015	-3.641042033451643	-3.055368119308624	-2.882198000000000	268.5900000000000	3805725163.431762
4.452900911000162	-0.3393207181631409	0.9932828705878208	-1.063471251752235	1.671322574141571	0.2429764509026887	-0.008766057815520558	-0.008201424205991457	5.550730707554706	-0.002305662584253668	-3.643601179701432	-3.052829078592146	-3.007808000000000	278.0500000000000	3805725166.431280
4.453599853683271	-0.3456696507263916	0.9935889420582530	-1.061940891701137	1.667533682958078	0.2434725609177879	-0.008642715521791055	-0.008108232251360658	5.540965576959551	-0.002293785178239691	-3.645684311555478	-3.047943777697872	-3.007895000000000	277.1700000000000	3805725169.432587
4.455992704527453	-0.3506691267976960	0.9939516595918753	-1.067730678333434	1.673697141014453	0.2423231936950317	-0.008805344620114173	-0.008564141914680192	5.523207802643556	-0.002345863035317060	-3.644721319600866	-3.061517001910805	-3.007994000000000	277.3900000000000	3805725172.432824
4.456790321478286	-0.3549486491016944	0.9940960156883801	-1.066616941739401	1.672046182197035	0.2428202173455214	-0.008736821123671416	-0.008319284620193700	5.531420634960596	-0.002304748937622681	-3.641648700467231	-3.076743024498033	-3.008088000000000	277.7500000000000	3805725175.434119
4.455855656941027	-0.3582012322506768	0.9939489186533401	-1.067060060693478	1.670507601768024	0.2441194225632058	-0.008764230522224043	-0.008275429582431153	5.507894060523061	-0.002358654087904808	-3.644785276131228	-3.079837566317255	-3.008177000000000	277.8000000000000	3805725178.437427
4.457513019085904	-0.3605785416277017	0.9943116361869416	-1.063962794367100	1.666926108220754	0.2428485403908568	-0.008798949093790746	-0.008400599169719762	5.547969646425432	-0.002290130591775112	-3.643021009266700	-3.070700125471570	-3.132890000000000	290.3800000000000	3805725181.435374
4.458094100854091	-0.3617617144368226	0.9945555797171088	-1.065759026290260	1.667242229842687	0.2428119945324850	-0.008700275258840618	-0.008389635410090940	5.519856520825042	-0.002387890779595657	-3.640794433153827	-3.050817215698582	-3.132979000000000	290.9700000000000	3805725184.438809
4.454451376012993	-0.3612875316659855	0.9938913589439752	-1.064936742843103	1.670807277771747	0.2430422334252175	-0.008681088679827982	-0.008266293116149039	5.526631260579202	-0.002337640215766034	-3.640789864546584	-3.030622751870595	-3.133069000000000	290.6600000000000	3805725187.433484
4.454142562120683	-0.3603291160084399	0.9937908578641278	-1.064346526359700	1.666768047384409	0.2434296195331613	-0.008719461837964983	-0.008288220635362201	5.518333455352011	-0.002311144463932405	-3.644767917516843	-3.007817070365131	-3.133152000000000	290.8400000000000	3805725190.434175
4.456390142526748	-0.3586142006737478	0.9942961042018805	-1.063867774875115	1.667531855683545	0.2415630398442278	-0.008660074807546547	-0.008123764243396076	5.503619061978880	-0.002331244689430524	-3.648321120718757	-3.005381272715008	-3.133246000000000	290.9300000000000	3805725193.432628
4.456876204632437	-0.3556932713663106	0.9942440263696003	-1.066815203052344	1.671265014629378	0.2415566443011119	-0.008712152665056346	-0.008318370973926631	5.477074681380277	-0.002376013373596983	-3.645563710417452	-3.020073719555001	-3.195835000000000	298.9800000000000	3805725196.432389
4.456441306958596	-0.3515672417457498	0.9940247512863124	-1.062378529193078	1.662624661271595	0.2439951666352886	-0.008640888228561365	-0.008132900709839524	5.494837021830561	-0.002358654087910980	-3.649107777116930	-3.051688841803802	-3.195912000000000	299.0300000000000	3805725199.432964
4.454449548714947	-0.3466408574245851	0.9937351254471207	-1.065175205373419	1.667906450640731	0.2414104608744496	-0.008688397852716759	-0.008329334733166452	5.466421482558479	-0.002305662584320022	-3.649634955791120	-3.154513157862865	-3.196006000000000	299.1700000000000	3805725202.432508
4.451453688508202	-0.3402983203821064	0.9932317064017103	-1.069336871548164	1.671956644822429	0.2429691416996098	-0.008630838115693559	-0.008243451951181029	5.494019312860791	-0.002314799050432204	-3.652142024244256	-3.183663257369567	-3.196092000000000	299.1600000000000	3805725205.432991
4.451995483293548	-0.3334870825139722	0.9930352724729105	-1.070526440647950	1.671709046789970	0.2427516938660369	-0.008631751762301978	-0.008470036312228224	5.486319944837875	-0.002359567734529890	-3.652356732969980	-3.193749987524894	-3.196177000000000	298.9700000000000	3805725208.437116
4.446603117710069	-0.3247599271112096	0.9916419620476762	-1.064248767734580	1.667527287265070	0.2431674029031850	-0.008758748642523311	-0.008202337852664757	5.461923564728058	-0.002328503749583770	-3.652332977673808	-3.165935646808423	-3.258816000000000	309.8700000000000	3805725211.435725
4.448043944628413	-0.3161424094251071	0.9914546645806739	-1.068243234641290	1.671700823897582	0.2427873260780594	-0.008603428717160255	-0.008008644769317279	5.488573931322246	-0.002317539990240538	-3.651973911350627	-3.129335622853639	-3.258903000000000	309.5600000000000	3805725214.433266
4.450704495048114	-0.3070772048450157	0.9917415494813535	-1.066088852955418	1.668659295229649	0.2422309153943411	-0.008632665408972989	-0.008261724882866564	5.518929164630264	-0.002344949388673717	-3.652831833838002	-3.129656315278958	-3.258998000000000	309.3200000000000	3805725217.433322
4.445580742748364	-0.2965081375804355	0.9903482390560113	-1.067209898965051	1.671565604206743	0.2429828464025857	-0.008629924469126887	-0.008220610785608500	5.465047346756740	-0.002328503749599614	-3.646140227453311	-3.147201192037807	-3.259087000000000	309.9500000000000	3805725220.437991
4.446097868956097	-0.2861884960410839	0.9898594383493787	-1.066401320574346	1.668148566898213	0.2427818441902086	-0.008723116424375676	-0.008032399581313240	5.464014917842142	-0.002357740441271393	-3.644164905173579	-3.131034103139435	-3.259178000000000	309.5100000000000	3805725223.436851
4.441140401125828	-0.2738286811717627	0.9881847249001928	-1.067504093719364	1.668109280208228	0.2418115516766833	-0.008608910596813775	-0.008325680146293452	5.445831393825260	-0.002393372659263403	-3.641201009775449	-3.122523426614137	-3.290234000000000	315.6600000000000	3805725226.432313
4.433866829286099	-0.2606767346511782	0.9861975444569994	-1.069102063839114	1.670306599579747	0.2421496008539719	-0.008588810371268140	-0.008074427326822446	5.444656432530519	-0.002331244689455233	-3.646655528076781	-3.111571468997147	-3.290321000000000	316.5900000000000	3805725229.436808
4.435490386262804	-0.2482812879039764	0.9861153163007301	-1.068140906171818	1.669687147362840	0.2426274379444658	-0.008629010822475146	-0.008302838981223824	5.439543620539221	-0.002312058110576839	-3.650454504156307	-3.096214792182512	-3.290405000000000	316.0500000000000	3805725232.435818
4.444056773652981	-0.2357149893718234	0.9877452610872666	-1.067674032450508	1.670596225377147	0.2434972293210243	-0.008555005446237359	-0.008015953942315778	5.421852549971857	-0.002322108223313006	-3.650828187964556	-3.080901971876183	-3.290493000000000	316.4500000000000	3805725235.432263
4.455026975878931	-0.2217791344396270	0.9900266356004331	-1.068862688225739	1.668862124696671	0.2442117008657250	-0.008582414844867324	-0.008463640786285496	5.454223291598562	-0.002311144463935912	-3.657683339018076	-3.076505474849023	-3.290582000000000	316.0000000000000	3805725238.439225
4.459311997075644	-0.2067797948423968	0.9908790674869323	-1.069560715100969	1.670610843783723	0.2435867667015812	-0.008593378604406378	-0.008250761124051629	5.468499130793664	-0.002280994125677993	-3.650967981162130	-3.075753538897541	-3.322190000000000	323.0800000000000	3805725241.433599
4.455279143436893	-0.1909426413852462	0.9899334436899954	-1.070006575391731	1.672684821067335	0.2432989680770130	-0.008669211273723713	-0.008329334733623385	5.470074269776218	-0.002264548486618670	-3.659286809900486	-3.062400504447718	-3.322260000000000	322.9600000000000	3805725244.433445
4.448889985042741	-0.1752635490810244	0.9878448485209762	-1.066421420977154	1.669891804146858	0.2424218675162612	-0.008742303003370080	-0.008089959318563546	5.447954715050484	-0.002283735065526648	-3.657656848006960	-3.114401053412223	-3.322339000000000	323.4800000000000	3805725247.437198
4.444510857960175	-0.1590874332007667	0.9864716383112638	-1.066638868996533	1.670510342591848	0.2418435292845045	-0.008629924469057309	-0.008221524432179501	5.464377646420641	-0.002270030366311660	-3.649938291990477	-3.148747092741766	-3.322424000000000	323.2100000000000	3805725250.436823
4.443422700164076	-0.1423539930779409	0.9857599079363851	-1.066539281230899	1.670836514420220	0.2426575882644757	-0.008713066311569310	-0.008305579920844595	5.455735391871746	-0.002333985629295814	-3.665154297714798	-3.129978833944859	-3.322508000000000	323.1300000000000	3805725253.438340
4.445568865288827	-0.1252943813587916	0.9858174676457800	-1.064203997539013	1.665128052236110	0.2438416740567766	-0.008630838115793829	-0.008199596913052899	5.453268526070530	-0.002335812922538720	-3.656785218563452	-3.120164375152482	-3.353723000000000	331.5600000000000	3805725256.437640
4.443449196030935	-0.1080429041226340	0.9846324685491399	-1.069547924248708	1.668530471261817	0.2428850862168581	-0.008688397852807072	-0.008072600032494248	5.446429827020904	-0.002276425892563093	-3.657759172259490	-3.104684354381398	-3.353803000000000	331.6700000000000	3805725259.436859
4.436023958165975	-0.09099425674301412	0.9826599064443624	-1.067329586905980	1.666875857672045	0.2423898898866365	-0.008604342363718421	-0.008047017927445197	5.450801661003750	-0.002301094351162403	-3.655003589578811	-3.096629591057028	-3.353887000000000	331.3300000000000	3805725262.432463
4.434477147832161	-0.07389627272367706	0.9821327325978885	-1.067882343953984	1.671204713766300	0.2424008536218694	-0.008659161160966508	-0.008156655522353135	5.451779269045076	-0.002294698824876588	-3.656369504524560	-3.089036222932009	-3.353974000000000	332.4000000000000	3805725265.434686
4.440513636858836	-0.05677453417216254	0.9830189693935140	-1.068805128419037	1.668671172664831	0.2418088107399759	-0.008688397852775439	-0.008100923078447349	5.458603347626664	-0.002370531493887903	-3.649202797445123	-3.074010289506511	-3.354061000000000	331.3800000000000	3805725268.436989
4.443471123642366	-0.03950204419710197	0.9829696324997486	-1.070138141080037	1.671877157524232	0.2420883865424886	-0.008626269882609089	-0.008205078792675482	5.461085745813406	-0.002346776681913392	-3.653160748964372	-3.054058855295034	-3.385253000000000	340.6600000000000	3805725271.435678
4.438627862156527	-0.02269277334109180	0.9811670085844395	-1.065895159537632	1.666498521701534	0.2438361921763463	-0.008719461837856412	-0.008025090408563111	5.446547703920468	-0.002332158336058830	-3.651801230572869	-3.045383723215782	-3.385335000000000	341.3700000000000	3805725274.437992
4.434524657659686	-0.006606197218331290	0.9793872258234178	-1.066878244843613	1.666853016491609	0.2435027112155024	-0.008662815747384827	-0.008072600032754458	5.473261092158598	-0.002305662584238910	-3.654935066212702	-3.038833747482619	-3.385414000000000	341.2500000000000	3805725277.434184
4.430338311008100	0.01017931832595363	0.9781538034786640	-1.069716948926336	1.668404387964600	0.2449115540200072	-0.008652765634678830	-0.008110059544407161	5.405874581842556	-0.002286476005384675	-3.654825427491123	-3.036810006982237	-3.385502000000000	340.9000000000000	3805725280.437357
4.433459341158875	0.02695935174060076	0.9788125423753929	-1.069861305141473	1.670114733811500	0.2438782198904258	-0.008660074807561686	-0.008275429582268193	5.443571006684651	-0.002326676456387863	-3.654635388178414	-3.037406622488341	-3.385587000000000	341.7800000000000	3805725283.436584
4.436326376483342	0.04311719159331678	0.9788828931313589	-1.066716529031089	1.669152664241011	0.2427617439656943	-0.008750525822933978	-0.008266293116804300	5.447556362048966	-0.002301094351151659	-3.655706191212099	-3.060737656518297	-3.398133000000000	345.7400000000000	3805725286.437546
4.428200368842136	0.05835316183525667	0.9767641476367186	-1.068096137272340	1.669003739900109	0.2426493654847575	-0.008745957589892793	-0.008214215259573053	5.442487413730897	-0.002318453636856466	-3.658613440608571	-3.064639867284319	-3.398234000000000	345.4900000000000	3805725289.438857
4.419419273966456	0.07345665313166833	0.9743237986858571	-1.067571703585099	1.670042555760594	0.2433766280164329	-0.008646370108230219	-0.008122850596659256	5.444681096126613	-0.002323021869938901	-3.662210498651690	-3.048142040865817	-3.398318000000000	346.0300000000000	3805725292.438222
4.422765062038535	0.08770314378011435	0.9746545386036102	-1.068312672122291	1.668797255893129	0.2412798094660063	-0.008638147288714084	-0.008024176761918715	5.500151749632214	-0.002301094351201895	-3.660386842894833	-3.085817424582014	-3.398401000000000	345.2000000000000	3805725295.432607
4.427137793298875	0.1014489559618889	0.9749185823500942	-1.066929409466399	1.667583019914720	0.2443067200826432	-0.008664643040608629	-0.008341212138971049	5.463269376192666	-0.002311144463960903	-3.655568227638944	-3.126398228699700	-3.398491000000000	344.8400000000000	3805725298.439169
4.429628404564837	0.1153153693316581	0.9751716623423857	-1.068510933682994	1.669194692035291	0.2422711158414468	-0.008675606800148571	-0.008212387965610765	5.496489825320293	-0.002302921644406932	-3.662416069928838	-3.156808253099148	-3.411077000000000	350.6000000000000	3805725301.433396
4.428449795414847	0.1285668984454718	0.9747678307301293	-1.066475325937904	1.665639694173515	0.2432843497310665	-0.008667383980482422	-0.008171273867972947	5.468504613361609	-0.002303835291012918	-3.662681943488954	-3.132309562717726	-3.411164000000000	350.4300000000000	3805725304.437285
4.431651226790576	0.1406316006110161	0.9750848659551311	-1.068682699735018	1.670842909948739	0.2426977887015358	-0.008656420221141421	-0.008096354845106932	5.481683164291537	-0.002261807546746411	-3.662208670374009	-3.099699464552960	-3.411254000000000	350.2100000000000	3805725307.435009
4.434336445649425	0.1516958597493751	0.9756823905578623	-1.069183378709466	1.669241287932700	0.2426201287745545	-0.008738648416886607	-0.008358571424746965	5.519765152324961	-0.002301094351193321	-3.668605168010385	-3.082033074113600	-3.411341000000000	350.8200000000000	3805725310.437742
4.433004343197847	0.1619634190532626	0.9751771442194723	-1.071710529638201	1.671379220225220	0.2435182431955541	-0.008683829619688912	-0.008288220635383151	5.465695131453505	-0.002306576230903208	-3.666519294340149	-3.084141784685035	-3.411420000000000	350.3000000000000	3805725313.434182
4.430032238090085	0.1717047179027759	0.9745485556465376	-1.072693613238566	1.673091393253852	0.2420326541553736	-0.008638147288689519	-0.008086304732428416	5.477461158667999	-0.002235311794920029	-3.671369888352000	-3.073325049872127	-3.424334000000000	355.8100000000000	3805725316.439961
4.428091644418094	0.1808192551978619	0.9739583402132236	-1.062718406012470	1.663974116853788	0.2425150594368572	-0.008654592927872013	-0.008351262252004993	5.482197537684100	-0.002291044238403405	-3.671368061529770	-3.072266126465295	-3.424424000000000	355.7000000000000	3805725319.434547
4.427057392053732	0.1890283687773328	0.9736888145896280	-1.066503651026704	1.667083255136944	0.2440929267344740	-0.008636319995500253	-0.008175842100289989	5.511465531337040	-0.002317539990247255	-3.670060620806471	-3.060887495640458	-3.424505000000000	355.1700000000000	3805725322.433825
4.425283996438107	0.1964380416487226	0.9732301642064264	-1.069786385726891	1.670090979151040	0.2433638369806828	-0.008618047063030480	-0.008005903829158841	5.464699243434242	-0.002247189200938869	-3.673856856090580	-3.053934598498655	-3.424590000000000	355.3800000000000	3805725325.437816
4.425570882693551	0.2028829038152069	0.9726180212646732	-1.069443768210631	1.673813174052875	0.2433044499534898	-0.008566882852321810	-0.008220610785445958	5.486850777094270	-0.002289216945179307	-3.673717979788631	-3.051813097131657	-3.424680000000000	356.0000000000000	3805725328.438581
4.425209077097696	0.2081884488169890	0.9721228250341676	-1.060168415049771	1.660126752218877	0.2433775416726647	-0.008678347739987729	-0.008255329356976182	5.484362896827556	-0.002386977132960654	-3.674151053442466	-3.043117864791957	-3.437342000000000	361.0300000000000	3805725331.438924
4.425745389938260	0.2127859177946658	0.9721484071272559	-1.068550220861409	1.666252750720096	0.2437037133739109	-0.008675606800084999	-0.008324766500383276	5.491204340891745	-0.002310230817334477	-3.675107650856485	-3.035716364799124	-3.437426000000000	361.8400000000000	3805725334.433169
4.427181648520218	0.2163774620114044	0.9723521502257874	-1.068681787879462	1.665223984989526	0.2443889480943633	-0.008693879732520275	-0.008290047928654412	5.484634260661602	-0.002290130591831263	-3.673952792180280	-3.045753753122698	-3.437515000000000	361.2600000000000	3805725337.437598
4.426522906511146	0.2187693884269785	0.9720661789708939	-1.070033986360267	1.667223043192931	0.2447160335438908	-0.008660074807555975	-0.008275429582344344	5.483029878582912	-0.002259066606939953	-3.672019498677365	-3.033429492569835	-3.437604000000000	361.4400000000000	3805725340.437787
4.429116760282373	0.2204532388385126	0.9725230020617739	-1.070412234672965	1.670837427878749	0.2426274379851913	-0.008665556687346787	-0.007992199130287848	5.480578548215193	-0.002262721193327426	-3.674713866641458	-3.016393526540230	-3.437693000000000	361.5900000000000	3805725343.434443
4.429533384911966	0.2208780844385186	0.9725878709406740	-1.063487698371322	1.669396607665001	0.2431527846179470	-0.008594292250927515	-0.008109145897810949	5.457083035126687	-0.002298353411327217	-3.674151969404748	-3.010956380273864	-3.450107000000000	367.2100000000000	3805725346.434229
4.430307246890627	0.2208214383585423	0.9728765831341007	-1.067408160340216	1.667942996691836	0.2423122299550062	-0.008600687777310632	-0.008145691762969445	5.479504090658209	-0.002295612471521013	-3.672691034816049	-3.031349105848837	-3.450192000000000	366.9300000000000	3805725349.434927
4.429324158946233	0.2192700666829727	0.9725714253094144	-1.064486314309593	1.664571641593795	0.2432350128134467	-0.008669211273843050	-0.008072600033176499	5.487834785798217	-0.002335812922532544	-3.670843623925784	-3.048879358602006	-3.450269000000000	367.0600000000000	3805725352.434917
4.431937199400913	0.2169146861265268	0.9731196130184400	-1.065946324406188	1.664711429335636	0.2429024454931394	-0.008657333867630615	-0.008248020184549183	5.478904730016974	-0.002299267057968945	-3.669028190327275	-3.037505296822761	-3.450356000000000	367.3100000000000	3805725355.437988
4.435029906393090	0.2136136814841807	0.9738952986266898	-1.062227777427385	1.662324985232893	0.2433199819462291	-0.008607996950199159	-0.008249847477181577	5.459776483869093	-0.002331244689434279	-3.672015840430510	-3.031165461258804	-3.450435000000000	367.0700000000000	3805725358.434066
4.433911598159530	0.2092080782654856	0.9738386525634238	-1.069462042626762	1.668508543360401	0.2424063354941296	-0.008701188905435833	-0.008250761123798486	5.446286387361492	-0.002323021869927334	-3.670591452466712	-3.035923764228500	-3.462963000000000	373.8000000000000	3805725361.438728
4.430344706566792	0.2035964617025055	0.9732383870220556	-1.070286154295713	1.668842937765603	0.2445835548228448	-0.008756921349286326	-0.008269034056150964	5.467518780087269	-0.002306576230871240	-3.671312326645669	-3.064712959561765	-3.463054000000000	373.7200000000000	3805725364.434155
4.428506441747754	0.1969122241651381	0.9731415405267990	-1.064246938626230	1.667042141128911	0.2425241959318538	-0.008680175033225717	-0.008205078792095330	5.441238450220225	-0.002291957885044884	-3.671285831464763	-3.142006163301632	-3.463133000000000	373.4900000000000	3805725367.438785
4.429866867346960	0.1900269843715326	0.9738614937179664	-1.069684971745578	1.669532741024081	0.2429618324936409	-0.008623528942737182	-0.008338471199669687	5.443172654095101	-0.002325762809786723	-3.666279916225593	-3.206627928366765	-3.463222000000000	374.2300000000000	3805725370.434472
4.428212246284041	0.1820855692156577	0.9739811813677548	-1.068341909082315	1.669586646264534	0.2426310925165487	-0.008710325371673266	-0.008248020183869453	5.441861560248335	-0.002332158336076561	-3.675292207833815	-3.184413366238719	-3.463300000000000	374.3100000000000	3805725373.438566
4.431611026170375	0.1729025084426897	0.9745997198327119	-1.066745766020014	1.671435866425345	0.2429143229391355	-0.008693879732526969	-0.008276343229138268	5.449697966326276	-0.002344949388693318	-3.672931323667256	-3.145038575498055	-3.476173000000000	380.4100000000000	3805725376.433537
4.436190242555080	0.1628268149864598	0.9755124523681080	-1.061421026506249	1.666595367933815	0.2420975229902005	-0.008713979958198843	-0.008306493568151014	5.466722074638874	-0.002280080479019612	-3.672628903380714	-3.135253352386183	-3.476258000000000	381.1600000000000	3805725379.439901
4.438349198744856	0.1520302543671307	0.9760414535072027	-1.069782731271512	1.671428557367111	0.2425972876442352	-0.008685656912954056	-0.008162137401234434	5.468774140239513	-0.002275512245979659	-3.676646243699967	-3.129535712617391	-3.476341000000000	381.2600000000000	3805725382.434014
4.438480764420722	0.1404506986027551	0.9762534194213046	-1.072100656487593	1.673688004769067	0.2435767165585902	-0.008736821123647097	-0.008301925334513670	5.496022946650696	-0.002285562358726815	-3.678832619737669	-3.115115529298069	-3.476423000000000	380.8700000000000	3805725385.439262
4.438364730804199	0.1275399597625289	0.9764836582590443	-1.067202589064813	1.666106567806667	0.2422528429309958	-0.008836408605211525	-0.008300098041000232	5.480512762313227	-0.002323935516551060	-3.682312730748361	-3.095740607129966	-3.476503000000000	380.9400000000000	3805725388.433241
4.435866810269989	0.1136251232603680	0.9761437818795298	-1.067790064933104	1.671705391962839	0.2431071023411015	-0.008690225146016157	-0.008071686386181455	5.517172207880545	-0.002347690328547064	-3.671124114206615	-3.089108401511489	-3.488992000000000	388.0900000000000	3805725391.434350
4.432846281663992	0.09884414969015162	0.9760505899690131	-1.068407691490196	1.675973947642339	0.2426073377264914	-0.008631751762289275	-0.008110973190968708	5.486409481316586	-0.002374186080350056	-3.676895671508214	-3.080890094699866	-3.489077000000000	388.5100000000000	3805725394.438233
4.427167030113999	0.08424042337139782	0.9753479960554301	-1.066912049819368	1.669350011816509	0.2429061001217110	-0.008728598304067223	-0.008241624657444964	5.507336718743966	-0.002319367283461944	-3.676019475952532	-3.083573492709237	-3.489154000000000	388.3500000000000	3805725397.433591
4.427684156297243	0.06870751832782987	0.9758495878090825	-1.070649783779337	1.672334894388727	0.2423231936909802	-0.008693879732545205	-0.008058895333947779	5.497720520167819	-0.002338553862404002	-3.674490931285566	-3.101844721332006	-3.489236000000000	388.0900000000000	3805725400.434727
4.434669014444835	0.05278083141245899	0.9779299601642026	-1.063196243680026	1.665893687832538	0.2422391381936985	-0.008689311499339183	-0.008219697138722809	5.462519267894966	-0.002305662584285932	-3.671919906568396	-3.085582615401222	-3.489306000000000	387.9500000000000	3805725403.439629
4.436087000047578	0.03651244045781950	0.9787449325579856	-1.063811129062244	1.669055817739870	0.2429590915800589	-0.008783417101305644	-0.008236142778450056	5.490984147517171	-0.002285562358738385	-3.673133240454972	-3.052438949334877	-3.502039000000000	397.1500000000000	3805725406.439481
4.431548897933948	0.01923903801881230	0.9782086222495440	-1.066979659877155	1.669053076688426	0.2425881511443063	-0.008643629168436674	-0.008099095784407973	5.455096748460763	-0.002323935516522044	-3.667779223407202	-3.023888218775752	-3.502123000000000	397.2400000000000	3805725409.434203
4.429021740630159	0.001889802651308604	0.9777600219744912	-1.065959114944390	1.668025224684338	0.2437027998015840	-0.008756921349324546	-0.008131987062790169	5.526284071880259	-0.002308403524109293	-3.671281263037905	-3.006100317507983	-3.502200000000000	396.8200000000000	3805725412.438849
4.435514141182577	-0.01550054708257006	0.9797919710817042	-1.064809745787625	1.667059500569105	0.2420874729089071	-0.008777935221504765	-0.008297357101154873	5.495503081543397	-0.002292871531673981	-3.667055610332049	-2.992763731802559	-3.502284000000000	397.2700000000000	3805725415.435333
4.443310321147406	-0.03298500269537369	0.9822049106461919	-1.068875479063998	1.672260889186429	0.2432002942458855	-0.008679261386660156	-0.008287306988994502	5.527455381466929	-0.002322108223309500	-3.663517024878871	-3.022006094585506	-3.502362000000000	396.9800000000000	3805725418.438942
4.442299823664082	-0.05035159816993189	0.9829742007306453	-1.066284373582687	1.672021513579135	0.2421861467355696	-0.008773366988443495	-0.008351262251731890	5.411788679750406	-0.002351344914965436	-3.661084875983139	-3.028546019305003	-3.514545000000000	405.7800000000000	3805725421.434489
4.430955025109189	-0.06777666731170301	0.9812839552956294	-1.066586791328589	1.669068608766549	0.2422893887869377	-0.008580587551587335	-0.008217869845831578	5.538895293264259	-0.002342208448850605	-3.668169355888117	-3.016240032904022	-3.514618000000000	406.2200000000000	3805725424.434345
4.433225446628994	-0.08519260027767375	0.9819161984529617	-1.063500488208737	1.669962154980612	0.2450668739206875	-0.008613478829923003	-0.008448108794268478	5.468521973170334	-0.002328503749633465	-3.665417426841748	-3.011701920490623	-3.514697000000000	406.0000000000000	3805725427.433801
4.438342803197345	-0.1026816252702061	0.9832446400002252	-1.067578099229078	1.671557381377875	0.2429097546991607	-0.008628097175991280	-0.008018694882042826	5.537651752215069	-0.002352258561580842	-3.666559494611270	-2.995288153022452	-3.514776000000000	406.2100000000000	3805725430.434802
4.446084164199281	-0.1207773119816326	0.9855561648380440	-1.064795128078314	1.667013818183661	0.2426557609758473	-0.008724030071027148	-0.008312889093998773	5.567875435273568	-0.002288303298557191	-3.668431574079048	-3.001318259258119	-3.514853000000000	406.7600000000000	3805725433.435440
4.440813314230918	-0.1378515419712156	0.9849467628353881	-1.070880937115458	1.671399320526529	0.2423569986238742	-0.008608910596775378	-0.008277256875706534	5.477645730546786	-0.002309317170706975	-3.667971092001105	-3.022756202662741	-3.527436000000000	415.9000000000000	3805725436.440194
4.440578506039603	-0.1552071754523993	0.9853761765404172	-1.067943558299556	1.673313409598677	0.2419887990872124	-0.008726771010787478	-0.008425267627965798	5.484581280250627	-0.002304748937655999	-3.669149706705679	-3.021115282793646	-3.527513000000000	416.2200000000000	3805725439.439572
4.443348694470178	-0.1719661979037700	0.9863821009855346	-1.065302201906448	1.666834743716459	0.2425461234215852	-0.008639974581947457	-0.008108232250947053	5.539802533023590	-0.002300180704555327	-3.666606093524298	-3.038771619187227	-3.527590000000000	416.7400000000000	3805725442.435392
4.450035702845017	-0.1880984589559373	0.9885017601249036	-1.064367540230723	1.666109308479635	0.2432112579932099	-0.008732252890622166	-0.008232488191058342	5.546641190885223	-0.002309317170711267	-3.668066117857665	-3.045886232326878	-3.527671000000000	416.8400000000000	3805725445.436349
4.453906840274034	-0.2042626979193140	0.9896447314969328	-1.065929878252467	1.668652899751673	0.2424191265722693	-0.008575105671867162	-0.007907229994763955	5.524058411803324	-0.002297439764711268	-3.672236037488658	-3.038738727789081	-3.527752000000000	417.5700000000000	3805725448.438971
4.449821908620634	-0.2200788377243778	0.9887137260388278	-1.067124016294962	1.668090093662925	0.2426612428600150	-0.008692966085951995	-0.008284566049309449	5.506012837151024	-0.002224348035571422	-3.667688776894512	-3.045338954655032	-3.540514000000000	428.8900000000000	3805725451.440469
4.440080566507888	-0.2346971868081278	0.9865767076220511	-1.068664426568914	1.673351782659760	0.2439266431243916	-0.008616219769881932	-0.008216042552072287	5.519457249114702	-0.002280994125676122	-3.670732159807182	-3.044766094369675	-3.540591000000000	428.6000000000000	3805725454.435054
4.436015735305469	-0.2479286202258002	0.9861226254701771	-1.072924766893849	1.671293337589384	0.2427434710317985	-0.008624442589428001	-0.008460899846627436	5.542494118360720	-0.002278253185788530	-3.676258858500616	-3.036862085438932	-3.540661000000000	428.9000000000000	3805725457.435105
4.436064158783747	-0.2613564879096669	0.9863683962928226	-1.066979659543341	1.668810960552754	0.2432615085464871	-0.008724030071008422	-0.008147519056058029	5.510366442180973	-0.002305662584263357	-3.672617943003096	-3.018113934570977	-3.540737000000000	429.1600000000000	3805725460.435734
4.441206183960825	-0.2751379371306803	0.9881043240362964	-1.067960918028158	1.668668431708330	0.2427005296590638	-0.008622615296141490	-0.008293702514791813	5.517819124745683	-0.002319367283469187	-3.675000754931743	-2.994002644466309	-3.540809000000000	429.0100000000000	3805725463.435192
4.447096489008084	-0.2883191205625598	0.9899316163976491	-1.066995191840120	1.667176447356317	0.2426228697104973	-0.008657333867709845	-0.008074427326271581	5.492435955278167	-0.002288303298582460	-3.674605141911371	-2.988064816976773	-3.553411000000000	442.2900000000000	3805725466.440424
4.448915567256638	-0.2997095562834500	0.9908562263324125	-1.070471622197686	1.672742380618522	0.2427745350258345	-0.008467295370811870	-0.007994940070476181	5.448224248007035	-0.002290130591789349	-3.671445722334282	-2.966775801734114	-3.553482000000000	442.8400000000000	3805725469.439440
4.450399335760969	-0.3108240707872248	0.9914035003945622	-1.068150042738595	1.669247683518130	0.2422857341725465	-0.008768798755294073	-0.008324766499678237	5.512149867167878	-0.002269116719656217	-3.673495049275864	-2.966858944168367	-3.553563000000000	442.3900000000000	3805725472.439984
4.450233965009827	-0.3211263533276429	0.9916967808185079	-1.068366577050538	1.667097873721080	0.2439202476362237	-0.008629010822436898	-0.007942862213353063	5.471865032454957	-0.002291044238381386	-3.675096684796860	-3.000774636843804	-3.553631000000000	442.2100000000000	3805725475.435467
4.451610836404449	-0.3311243915651603	0.9925464717663743	-1.071126707660203	1.670704949330546	0.2425342460046346	-0.008548609919920038	-0.008240711010720417	5.476324575854399	-0.002288303298560692	-3.669095799763082	-3.033942965356488	-3.553702000000000	441.8000000000000	3805725478.440666
4.452531796171827	-0.3400123488929807	0.9928132564510709	-1.069504069714200	1.671254050680951	0.2451143835238880	-0.008838235898546452	-0.008563228267851218	5.469441116561559	-0.002278253185811621	-3.667125961145611	-3.044947911741059	-3.566218000000000	457.0000000000000	3805725481.437309
4.454590250899587	-0.3478112391576605	0.9934427586693934	-1.070071444530252	1.667679866376502	0.2427471256326507	-0.008819962966121097	-0.008239797364428897	5.488769452113154	-0.002313885403791810	-3.666952367683346	-3.085029855356533	-3.566277000000000	457.3600000000000	3805725484.435094
4.453387886752638	-0.3542935642398396	0.9931412554298464	-1.066374824974146	1.667673470785005	0.2433117591171550	-0.008689311499439399	-0.008172187514140708	5.485814693432864	-0.002312971757162422	-3.658923169571732	-3.069798350486668	-3.566347000000000	457.6000000000000	3805725487.434227
4.451405265028073	-0.3601701414394155	0.9926679867083771	-1.070154586289034	1.668625490354860	0.2439686709123486	-0.008737734770224411	-0.008279084168785523	5.473442913245988	-0.002313885403774617	-3.661077567092221	-3.059056535532879	-3.566418000000000	457.4000000000000	3805725490.439330
4.452980398600944	-0.3651495173641018	0.9929612671322992	-1.069815622701161	1.671319833278768	0.2454834966889896	-0.008791639920975832	-0.008158482815230848	5.481886896517755	-0.002284648712127802	-3.661627587011822	-3.068923984532265	-3.566488000000000	458.6600000000000	3805725493.435980
4.455496592265814	-0.3692517922305078	0.9936099559204026	-1.064876442136467	1.665585789010943	0.2416717637649039	-0.008712152664837028	-0.008432576800985527	5.461163409670509	-0.002369617847293168	-3.659862406161120	-3.080044965592778	-3.579015000000000	474.9900000000000	3805725496.436545
4.457248974067533	-0.3724276290896547	0.9938877043592481	-1.066986055877588	1.666666632655114	0.2423560849465431	-0.008752353116252483	-0.008227919958663652	5.464671842313193	-0.002312058110569046	-3.663825840083113	-3.056835445535093	-3.579076000000000	475.0200000000000	3805725499.439127
4.456845140512803	-0.3740329068161578	0.9939626233460497	-1.067726110250176	1.668340432644137	0.2420801637179300	-0.008590637664403607	-0.008222438078891867	5.449750044623642	-0.002307489877522387	-3.663492355746110	-3.053792982272554	-3.579153000000000	475.4300000000000	3805725502.436229
4.456820471947958	-0.3748451389739047	0.9941078930887217	-1.068352872778747	1.668681222772660	0.2433090181966759	-0.008663729394066550	-0.008294616161713609	5.466660908868334	-0.002301094351130971	-3.664768736543316	-3.052131049874686	-3.579221000000000	474.9500000000000	3805725505.435703
4.454024701197876	-0.3740621435193449	0.9935377778721585	-1.066530144888450	1.668341346275819	0.2415657807909611	-0.008777021574936719	-0.008309234507358284	5.493842054549343	-0.002261807546740238	-3.667479550604313	-3.055385479101490	-3.579293000000000	474.9800000000000	3805725508.439898
4.453543207348097	-0.3724258017956452	0.9934984910863965	-1.069310375928653	1.667282430177533	0.2425214549625254	-0.008746871236479221	-0.008311061800699761	5.419076875395003	-0.002255412020480217	-3.667424730308851	-3.052053388170830	-3.591801000000000	496.1400000000000	3805725511.435449
4.452295160675583	-0.3698648493446367	0.9931604419996392	-1.067193453412988	1.667809604233164	0.2436552901781218	-0.008641801875109363	-0.008204165145944957	5.431740110616799	-0.002309317170709935	-3.668044186893388	-3.043474189420890	-3.591862000000000	495.9600000000000	3805725514.436533
4.451600786248388	-0.3664066955836346	0.9928900027302248	-1.071486685427976	1.669040285787458	0.2427206298955240	-0.008582414844823855	-0.008199596913427691	5.470770522612846	-0.002299267057950677	-3.664446211620519	-3.055044686692153	-3.591933000000000	496.3200000000000	3805725517.440839
4.451206089205213	-0.3621728555689800	0.9927383374642684	-1.069119423329300	1.667778540200566	0.2434552015997015	-0.008768798755387186	-0.008113714130947153	5.484732951952400	-0.002283735065504607	-3.665399152724948	-3.041920980197740	-3.592002000000000	496.3800000000000	3805725520.440619
4.452963039238967	-0.3570536916787370	0.9929055347152942	-1.067763569787264	1.669340875363351	0.2418252563688650	-0.008731339243943195	-0.008295529808181505	5.332406840967769	-0.002311144463934558	-3.667447567551087	-3.025996015169579	-3.592064000000000	496.1200000000000	3805725523.435594
4.454654206439499	-0.3507559232586217	0.9932865251725405	-1.070380257644761	1.669737397793068	0.2434826109666390	-0.008494704769381127	-0.007999508303735119	5.501007884739861	-0.002349517621698084	-3.662152025373753	-3.048226096941898	-3.604799000000000	521.8600000000000	3805725526.435979
4.453473769905086	-0.3437966745022215	0.9931759739847008	-1.068807869107834	1.670151279611408	0.2429600052209152	-0.008615306123274036	-0.008133814356070388	5.404470303274688	-0.002289216945178502	-3.659701603600994	-3.034338576937541	-3.604854000000000	521.7300000000000	3805725529.441237
4.456312482228991	-0.3359877341573793	0.9934893546245898	-1.068883702189840	1.667646975121819	0.2428622450675224	-0.008730425597350535	-0.008340298492885208	5.543388594765322	-0.002306576230868552	-3.657155247434146	-3.014980106030918	-3.604934000000000	521.9700000000000	3805725532.434498
4.454772981016178	-0.3265186974317505	0.9926579366003796	-1.070677192889173	1.672580665294743	0.2421459462676674	-0.008761489582349874	-0.008258983942857309	5.511760633122430	-0.002283735065519376	-3.659527094955572	-3.012236407522902	-3.605001000000000	522.6799999999999	3805725535.434634
4.453743296822251	-0.3162456515274970	0.9919991977042589	-1.065161500269973	1.665760295509047	0.2433272911019489	-0.008648197401474003	-0.008004076536460753	5.491312171360519	-0.002280080479075767	-3.658618921717323	-2.997102667051925	-3.605075000000000	522.7900000000000	3805725538.438665
4.453595285431242	-0.3054097992576061	0.9918228639914228	-1.062826216559225	1.662867691281862	0.2430924839803871	-0.008564141912442584	-0.008071686386118037	5.497166841714415	-0.002287389651987199	-3.663862386563102	-2.990411076046124	-3.617483000000000	552.6500000000000	3805725541.435944
4.449625473738744	-0.2937553195115289	0.9908854630101954	-1.068796905568310	1.667031177495547	0.2438617742808865	-0.008642715521806586	-0.008100009431201875	5.572243631199304	-0.002260893900142540	-3.664228761669404	-2.997740396418017	-3.617549000000000	553.6200000000000	3805725544.441208
4.446735597043199	-0.2816111251991522	0.9894556067375332	-1.066396752712469	1.662855813825069	0.2445652820335702	-0.008653679281211957	-0.008443540560901183	5.597921418681030	-0.002277339539184675	-3.669031844628403	-3.005031343564302	-3.617626000000000	553.3500000000000	3805725547.435959
4.440734740283224	-0.2680242826601866	0.9875762365438365	-1.067682254979653	1.666567045235228	0.2449206904685095	-0.008710325371646363	-0.008428922215122351	5.733805136105702	-0.002323935516510230	-3.668363969288662	-3.004713392624858	-3.617689000000000	553.8200000000000	3805725550.437833
4.437557977388779	-0.2546366153376837	0.9864871702963316	-1.070875454717537	1.661561177213594	0.2439787210370365	-0.008685656912844378	-0.008153000935376136	5.725569388171449	-0.002265462133223601	-3.665540774869587	-3.013669928334557	-3.617767000000000	554.3600000000000	3805725553.435485
4.440645202532608	-0.2414883236848942	0.9867247183033483	-1.060928568912504	1.673867079181933	0.2415529897623445	-0.008492877476297860	-0.008044276987415552	5.482252774208181	-0.002268203073063912	-3.669263003692286	-3.014007066313782	-3.630369000000000	594.4500000000000	3805725556.440004
4.448434073421478	-0.2273980623533370	0.9884780053242100	-1.074045813478099	1.672026081761536	0.2426585019358341	-0.008538559807120129	-0.007973012550960563	5.305626267083077	-0.002313885403793946	-3.670541204217268	-3.031524527217608	-3.630433000000000	593.9900000000000	3805725559.439373
4.453841971085843	-0.2119711359612592	0.9897781238392961	-1.065209009862758	1.664969077759761	0.2440600355401596	-0.008698447965602171	-0.008381412590855080	5.428789020337721	-0.002227088975392380	-3.664626201383446	-3.050532156335930	-3.630499000000000	594.7900000000000	3805725562.439930
4.455691199839633	-0.1963267618885882	0.9899380119209134	-1.073720554236171	1.665165511789344	0.2431025340925315	-0.008808999206653251	-0.008326593793098074	5.383090924311911	-0.002280080479063133	-3.672176644158466	-3.057311459187045	-3.630564000000000	594.8700000000000	3805725565.436305
4.446926550013249	-0.1801067906071938	0.9873688388607871	-1.071014329110386	1.668059029644180	0.2428695542424771	-0.008777021574960594	-0.008215128905800078	5.342125345132786	-0.002303835291046791	-3.671560841265304	-3.041086815258872	-3.630631000000000	595.4600000000000	3805725568.436767
4.441865839644131	-0.1635853161718336	0.9858658908933576	-1.068333685629030	1.668308454922054	0.2433245501904856	-0.008720375484492504	-0.008143864469565155	5.457898924474117	-0.002282821418880087	-3.671402780624824	-3.038558738177620	-3.643292000000000	648.1600000000000	3805725571.436531
4.441260089338135	-0.1466536146306364	0.9852354750285592	-1.063542516064317	1.660867719569500	0.2416068948869742	-0.008663729394017329	-0.008016867589517973	5.163720922941855	-0.002326676456365052	-3.668550351895846	-3.028146753197677	-3.643352000000000	647.9600000000000	3805725574.435935
4.441632858757774	-0.1289480546036477	0.9851605560417270	-1.076233999458286	1.670176861692383	0.2436452401081114	-0.008638147288734894	-0.008076254619428213	6.333272450529816	-0.002351344914997141	-3.669270313041050	-3.013200310954291	-3.643423000000000	648.9200000000000	3805725577.437675
4.441294808062505	-0.1111566120998888	0.9845228310074309	-1.075173255300501	1.668216176633685	0.2436287944231341	-0.008556832739486429	-0.007951085032316830	5.382749226371064	-0.002303835291041952	-3.662452622861514	-3.007707431771474	-3.643490000000000	649.4200000000000	3805725580.435431
4.433422795137576	-0.09327289159158568	0.9824890546085144	-1.063107620815750	1.642604843336226	0.2462957283661220	-0.008680175033155184	-0.008169446574505815	4.980959272485141	-0.002225261682168839	-3.660983461172608	-3.023580317881500	-3.643558000000000	649.0400000000000	3805725583.435583
4.431660363293961	-0.07604699699993127	0.9818842208366341	-1.065812017895045	1.673487002208905	0.2400856735563635	-0.008668297627013986	-0.008089045672075258	5.974220607656420	-0.002317539990239459	-3.657968399433878	-3.046173118979461	-3.656107000000000	714.2200000000000	3805725586.440264
4.434988792125172	-0.05883023916051565	0.9821957741843893	-1.066559382313918	1.662557051404408	0.2427754486658592	-0.008770626048593850	-0.008639974583946263	5.372645372332780	-0.002319367283470008	-3.659698861859594	-3.041571050873737	-3.656176000000000	715.0400000000000	3805725589.437809
4.442139934806578	-0.04128822339109890	0.9829440504066840	-1.073017959034533	1.667883609538715	0.2428284401663529	-0.008841890484947395	-0.008487395598426680	5.354992373814305	-0.002297439764708043	-3.659081231468405	-3.036633672288386	-3.656243000000000	715.0300000000000	3805725592.435528
4.439945346227301	-0.02413907596064403	0.9816704276302366	-1.073497624013423	1.667722807685203	0.2434862655741685	-0.008946959846297434	-0.008374103417150709	5.419662899371614	-0.002334899275890266	-3.662315569536716	-3.034629118634808	-3.656319000000000	715.6700000000000	3805725595.435246
4.432427829726158	-0.007818606281519837	0.9791999283562663	-1.069126732792610	1.665943024768328	0.2428622450517288	-0.008776107928308682	-0.008263552176126140	5.362611376418090	-0.002273684952735670	-3.665477728294331	-3.032932465866914	-3.656384000000000	716.2600000000000	3805725598.436655
4.430918479080196	0.009096647098320433	0.9783666830389183	-1.067994722799011	1.664881367903637	0.2423761851686629	-0.008745043943172217	-0.008369535184328094	5.313360913157710	-0.002341294802233854	-3.664263480212042	-3.041298782810896	-3.669099000000000	808.2500000000000	3805725601.437049
4.432164698379043	0.02631066266061704	0.9786362086624022	-1.068828882951381	1.667783108692262	0.2417585601599976	-0.008688397852818526	-0.008460899846448109	5.299024749456977	-0.002343122095482110	-3.665270329001167	-3.057311459012015	-3.669170000000000	809.3600000000000	3805725604.441210
4.435479422450902	0.04255438530072930	0.9789322300251456	-1.069099322352214	1.667985024230497	0.2438983201134725	-0.008673779506842666	-0.008203251499327107	5.421791334398550	-0.002287389651931574	-3.667846837650617	-3.060901200587662	-3.669240000000000	811.0700000000000	3805725607.441305
4.428647143927683	0.05787806562049091	0.9768244482847090	-1.071590841065649	1.665449655909803	0.2426685520483415	-0.008699361612151509	-0.008294616161765873	5.333455687509529	-0.002307489877474548	-3.670122753914836	-3.050974364071311	-3.669312000000000	810.5300000000000	3805725610.440542
4.425112230145648	0.07298612515557922	0.9753479960554243	-1.069961806516724	1.668204299293472	0.2425004411090264	-0.008718548191159152	-0.008209647025899025	5.433670675869438	-0.002276425892556367	-3.670751346929528	-3.056979803031049	-3.669384000000000	811.2700000000000	3805725613.441122
4.430383079892033	0.08731027576600282	0.9759537434737775	-1.071836612322644	1.667226697871783	0.2434880928741314	-0.008635406348789528	-0.008154828228902570	5.426706797601255	-0.002265462133212331	-3.665083031073496	-3.065335157182016	-3.681756000000000	901.8600000000000	3805725616.435903
4.435267455529377	0.1012442991375616	0.9764991902441226	-1.070047689828575	1.664553368672853	0.2416041539381292	-0.008569623792175581	-0.008198683266862919	5.340656204331064	-0.002311144463929712	-3.663988470264687	-3.119555882017970	-3.681822000000000	902.9800000000000	3805725619.441094
4.439463852392032	0.1153912019934180	0.9770482915991709	-1.070459745134574	1.665689031086165	0.2429983783899416	-0.008644542815001337	-0.008118282363602231	5.433847941559156	-0.002329417396242963	-3.668384063017986	-3.158887727455918	-3.681885000000000	903.7900000000000	3805725622.435825
4.437589041511428	0.1282672223891986	0.9762799151605508	-1.074681712416615	1.669724606808429	0.2424456223143479	-0.008556832739579315	-0.007973926198396278	5.378898067447918	-0.002311144463949612	-3.669240158045309	-3.182142024765824	-3.681957000000000	904.0300000000000	3805725625.435440
4.435281160287738	0.1403099970408338	0.9753644416866923	-1.069231801505285	1.668143085126005	0.2428997045715286	-0.008479172776831955	-0.008163051048486239	5.389338366800120	-0.002304748937630479	-3.665586453010714	-3.165690787804912	-3.682016000000000	905.3500000000000	3805725628.436845
4.436917508370721	0.1516291635550034	0.9755508255077282	-1.066605977988016	1.664488499708021	0.2434981429949637	-0.008593378604408361	-0.008118282364890534	5.448765129638744	-0.002368704200679130	-3.671888844928679	-3.137425105280670	-3.694747000000000	1012.600000000000	3805725631.441143
4.434826162328782	0.1618665725253799	0.9752072945434637	-1.068168315895198	1.666889562271713	0.2424428813842018	-0.008619874356569152	-0.008392376350108180	5.444248936816710	-0.002362308674393301	-3.662790670307333	-3.145339167093449	-3.694801000000000	1013.300000000000	3805725634.440447
4.430588651249010	0.1713995599772961	0.9741529468499087	-1.066662623865076	1.668924252594740	0.2428914817511182	-0.008637233642672947	-0.008271774996599876	5.466892928790117	-0.002352258561591588	-3.661681492993679	-3.150651145508370	-3.694862000000000	-389960.0000000000	3805725637.436833
4.428625216310987	0.1802811174222508	0.9737609926379738	-1.066066012094650	1.667853459096987	0.2431573528707054	-0.008738648417441377	-0.008140209883427325	5.429827845707424	-0.002344035742098077	-3.661781994535864	-3.139252410995149	-3.694923000000000	-384580.0000000000	3805725640.437475
4.427471275727984	0.1880790900923986	0.9733206151784191	-1.067641140722866	1.666689473811038	0.2428805180117332	-0.008698447966050609	-0.008149346349164616	5.534141503960861	-0.002344949388676664	-3.663529815979641	-3.127942301081267	-3.694989000000000	-381460.0000000000	3805725643.436734
4.428926720977035	0.1950977222805286	0.9736714553121828	-1.065668575310703	1.666799111341305	0.2457365767377025	-0.008703016199084862	-0.008050672514823621	5.547068797118997	-0.002271857659504055	-3.665351642897454	-3.115819041503728	-3.707360000000000	-387910.0000000000	3805725646.436644
4.430395870991468	0.2007586757870869	0.9737189649136260	-1.067100261310904	1.668075475268669	0.2438325375736178	-0.008660074808086006	-0.008047931574641268	5.450824510475456	-0.002311144463955787	-3.672587794842145	-3.090828809461688	-3.707429000000000	-386330.0000000000	3805725649.441368
4.432004809536768	0.2050866190832858	0.9738962122728665	-1.068071468886951	1.667329939806060	0.2428101672407116	-0.008651851988439731	-0.008410649283186643	5.531598801268423	-0.002279166832422747	-3.671734440155058	-3.086818787289319	-3.707499000000000	-385890.0000000000	3805725652.436899
4.430410489398428	0.2075214869019379	0.9735682132936506	-1.068066901231943	1.670622721086294	0.2424465359772414	-0.008622615296353824	-0.008242538304386234	5.515471902904325	-0.002333985629287758	-3.678847242028935	-3.072321859122908	-3.374329000000000	-306420.0000000000	3805725655.437316
4.430479013185994	0.2081336300301043	0.9734430437667636	-1.068925730278864	1.666773529244848	0.2426027694958496	-0.008611651536790683	-0.008218783491924444	5.553936742336000	-0.002238052734805194	-3.677190783048291	-3.073051867776573	-1.499208000000000	240.9400000000000	3805725658.436865
4.431754469296598	0.2074867683364457	0.9738660619488740	-1.067374355984413	1.667022954726585	0.2425653099865122	-0.008600687777306333	-0.008171273868306617	5.485508648183400	-0.002295612471522908	-3.678889266909820	-3.068460762863549	-0.02258600000000000	223.0500000000000	3805725661.438454
4.431471237638285	0.2057672856972496	0.9738550981946938	-1.068001118490404	1.667479777754183	0.2424830817984932	-0.008502013942329358	-0.008089959318675290	5.510333531951271	-0.002292871531639595	-3.677307730735587	-3.062976105657230	-0.02262000000000000	222.6900000000000	3805725664.441405
