0.1376887452172070	-0.03870351701859236	-0.005452261530654574	1.956373855539963	2.668553308185520	0.1862042874058435	-0.008731339243635989	-0.008805344619928429	-0.002489305553814441	-0.002223434388960052	1.858924321264033	0.001466000000000000	42.28600000000000	3802269428.888219
0.1397170404628163	-0.03814345162547429	-0.005855179690016760	1.957969995913613	2.667078681581414	0.1857008682020614	-0.008651851987687921	-0.008798035447016074	-0.002460982508759682	-0.002186888524318809	1.858848488607926	0.001469000000000000	42.28500000000000	3802269431.888736
0.1421994180182492	-0.03748653968832922	-0.005132485215250569	1.957319479722729	2.667216642695770	0.1880233575123414	-0.008724030070665793	-0.008774280634854695	-0.002462809801995061	-0.002264548486597742	1.858814683691390	0.001452000000000000	42.29100000000000	3802269434.888582
0.1459810008948804	-0.03639838653605681	-0.005116039576554517	1.955109368839650	2.667100609193073	0.1863331115309035	-0.008696620672077991	-0.008759662289036794	-0.002474687207966864	-0.002222520742334159	1.860344127796083	0.001424000000000000	42.29200000000000	3802269437.883085
0.1512554821393109	-0.03428603549974026	-0.005082234651383839	1.959050839822074	2.667789499485837	0.1863751392781083	-0.008729511950379520	-0.008856508830725238	-0.002481082734286528	-0.002251757434027449	1.857370208702083	0.001381000000000000	42.28700000000000	3802269440.883048
0.1592361842749822	-0.03117415504461326	-0.004257211756994016	1.960667993951341	2.667468809070920	0.1862371786763035	-0.008706670784898684	-0.008783417101100040	-0.002433573110311455	-0.002271857659495997	1.856578990911028	0.001342000000000000	42.28900000000000	3802269443.883707
0.1769956446590930	-0.02411349385102303	-0.003889925816762110	1.956079661596034	2.669206566340644	0.1860297809296632	-0.008731339243628957	-0.008800776386849068	-0.002429004877236567	-0.002243534614466210	1.854949045695989	-0.1233530000000000	42.75000000000000	3802269446.887630
0.2921708262915814	0.05217965021224873	0.004135546005607177	1.959000589187236	2.668348651357221	0.1852933818255313	-0.008705757138276799	-0.008837322251641366	-0.002469205328293513	-0.002232570855099068	1.856936226654869	-0.1234090000000000	42.75800000000000	3802269449.883099
1.034856511460859	0.5415140441792042	0.06878974619580876	1.956970466688716	2.667989588325574	0.1860361764248274	-0.008692052438967226	-0.008840976838171349	-0.002422609350933836	-0.002216125216046998	1.860918811396962	-0.1234630000000000	42.75500000000000	3802269452.886790
1.840202798598022	0.9265437578011201	0.1481280700787881	1.956191126255304	2.670569727830280	0.1860836860564437	-0.008746871236169334	-0.008912241274534634	-0.002478341794424733	-0.002231657208477757	1.863523617341282	-0.1235130000000000	42.75700000000000	3802269455.888641
2.101653700965667	0.8512766707720887	0.1828786143452315	1.958857146567014	2.667915582295940	0.1858945612445127	-0.008707584431508951	-0.008798949093654709	-0.002498442019965029	-0.002230743561885458	1.864961696813389	-0.1235710000000000	42.75700000000000	3802269458.888426
2.181453423808309	0.6302026078549421	0.2001063322028727	1.958726495132004	2.667569310809010	0.1867442524344998	-0.008683829619398127	-0.008808999206460610	-0.002445450516301788	-0.002266375779829629	1.866615396840603	-0.2481350000000000	43.25300000000000	3802269461.887492
2.216825254499050	0.3761559437301374	0.2130243795170857	1.961088271419651	2.667905532814914	0.1857438095754053	-0.008689311499121034	-0.008884831875909827	-0.002465550741837796	-0.002206075103281305	1.868402489243734	-0.2481970000000000	43.26600000000000	3802269464.888951
2.111690109715734	0.1071071666246090	0.2093442115803398	1.955338694223706	2.669318944790225	0.1864390945471964	-0.008696620672070424	-0.008801690033532794	-0.002458241568925544	-0.002230743561843006	1.865550998755792	-0.2482520000000000	43.27100000000000	3802269467.883268
1.874038775959771	-0.1274990125979503	0.1906711051193840	1.955564365022965	2.669623189356505	0.1860955634670924	-0.008685656912634588	-0.008784330747734870	-0.002470118974906214	-0.002201506870194603	1.860525029789840	-0.2483120000000000	43.27000000000000	3802269470.889158
1.616418825388527	-0.2976483698099990	0.1680391681891896	1.960840673419214	2.668052630279176	0.1861558641292993	-0.008650938341072259	-0.008811740146302942	-0.002438141343399242	-0.002276425892571687	1.857972301693305	-0.2483710000000000	43.27000000000000	3802269473.889880
1.389787958106309	-0.4063915425363293	0.1458850679938993	1.956290713796431	2.669029318659024	0.1857995419987473	-0.008676520446428741	-0.008794380860547022	-0.002447277809515946	-0.002206075103282896	1.854970973216064	-0.3735280000000000	43.76500000000000	3802269476.889138
1.140413710543648	-0.4412316443382401	0.1194852520319554	1.959029825994967	2.666509480079901	0.1857675643764514	-0.008711239017994855	-0.008774280634914700	-0.002462809801999895	-0.002236225441540553	1.849435189581888	-0.3735900000000000	43.81500000000000	3802269479.883293
0.8023728430500863	-0.3626342484457931	0.08020758742985798	1.960378367963815	2.666838392503109	0.1865341137493300	-0.008841890484652361	-0.008999951350054191	-0.002463723448591925	-0.002266375779814036	1.849583200302322	-0.3736520000000000	43.81600000000000	3802269482.884581
0.3978632668751000	-0.1678328612007763	0.02780721572408659	1.955761712700216	2.669085964585636	0.1858954748937602	-0.008746871236166364	-0.008847372364447700	-0.002463723448590580	-0.002263634839994151	1.852159683189048	-0.3737040000000000	43.81800000000000	3802269485.883759
0.2237533296552622	-0.07592182744600699	0.005457592668550708	1.961176895555265	2.664367891247861	0.1863404206976921	-0.008738648416587535	-0.008856508830689832	-0.002509405779335926	-0.002229829915242104	1.855340086367527	-0.3737570000000000	43.81800000000000	3802269488.882861
0.1818297481894994	-0.05665758739139311	-0.0006336892832344158	1.956430501903005	2.670509427250761	0.1859128341466643	-0.008733166536870566	-0.008796208153826136	-0.002484737320726390	-0.002265462133234905	1.857026677661385	-0.4980310000000000	44.28200000000000	3802269491.885060
0.1657669293878032	-0.04974310948650414	-0.002350431269973673	1.962399354100587	2.662839359081169	0.1859795303573996	-0.008764230521946175	-0.008931427853504665	-0.002441795929846088	-0.002235311794947699	1.861701806379301	-0.4980840000000000	44.40200000000000	3802269494.884496
0.1567611159261270	-0.04618536942011828	-0.003446807208746732	1.958884556186468	2.669845205705854	0.1857748735462778	-0.008710325371373237	-0.008874781763088566	-0.002411645591560499	-0.002261807546760380	1.864610856588512	-0.4981390000000000	44.39900000000000	3802269497.883433
0.1515314033825051	-0.04408215483073454	-0.004066259613476359	1.959940731484659	2.667466068817579	0.1855894033232418	-0.008704843491654931	-0.008801690033488494	-0.002445450516278147	-0.002197852283733221	1.867286013308489	-0.4981940000000000	44.40000000000000	3802269500.889146
0.1480266554115881	-0.04300953366478771	-0.004362281118316293	1.960107928706467	2.668974499519972	0.1867945030066905	-0.008791639920544530	-0.008876609056289553	-0.002440882283226628	-0.002286476005346807	1.870760610665584	-0.4982470000000000	44.40400000000000	3802269503.884729
0.1457763440789633	-0.04303146118427683	-0.004724998825062264	1.961074566664234	2.668299314531797	0.1864062032485803	-0.008742303003072082	-0.008840063191513483	-0.002428091230632179	-0.002226175328803580	1.873290497629594	-0.6236750000000000	45.02900000000000	3802269506.888353
0.1438238815025457	-0.04279208576238144	-0.004679316493972714	1.959980018196487	2.667652452538662	0.1859311070953098	-0.008717634544332083	-0.008803517326721695	-0.002452759689231779	-0.002236225441569313	1.878411485864497	-0.6237400000000000	45.03200000000000	3802269509.883994
0.1424004202494808	-0.04226399799969935	-0.005340796643987381	1.960731035731460	2.666523184214512	0.1875245065215725	-0.008682002326146796	-0.008843717778018369	-0.002444536869673758	-0.002237139088180933	1.882260678279346	-0.6237890000000000	45.03500000000000	3802269512.887731
0.1414584507030008	-0.04215253310869642	-0.004742358110403963	1.959116622394908	2.669396604519552	0.1868484081434793	-0.008677434093062786	-0.008761489582211363	-0.002438141343380152	-0.002234398148322625	1.888245976075478	-0.6238399999999999	45.03400000000000	3802269515.883200
0.1407448927822951	-0.04187021629451992	-0.005230245403198128	1.960011082174524	2.668286523535466	0.1854825066729501	-0.008701188905181994	-0.008808085559785682	-0.002412559238175105	-0.002280080479061001	1.892690866004564	-0.6238939999999999	45.03300000000000	3802269518.885033
0.1400633124888671	-0.04192960332665261	-0.004795349613810933	1.958761213846977	2.669514465450256	0.1861010453311138	-0.008677434093055219	-0.008790726274016997	-0.002425350290756132	-0.002259066606907439	1.900294231701906	-0.7482180000000000	45.70900000000000	3802269521.884382
0.1396302440449711	-0.04189123016741872	-0.005201008711577465	1.962065873157499	2.670820980600261	0.1878150461139267	-0.008710325371367834	-0.008803517326682770	-0.002407077358466269	-0.002228916268661091	1.906028276799916	-0.7482740000000000	45.71800000000000	3802269524.882960
0.1389139451836851	-0.04189579840068579	-0.004968028824224394	1.959910581188840	2.669338131406072	0.1867734891209180	-0.008758748642230826	-0.008803517326749288	-0.002427177584005205	-0.002269116719689012	1.912925393849279	-0.7483190000000000	45.71300000000000	3802269527.884376
0.1384214897163635	-0.04142801131717379	-0.005564640065235178	1.961092839600147	2.669756581958397	0.1853335822935918	-0.008661902100511331	-0.008773366988244173	-0.002466464388436266	-0.002206075103249871	1.919641608946690	-0.7483680000000000	45.71600000000000	3802269530.883643
0.1379043657931480	-0.04150201669562860	-0.005314300891879383	1.960477042044244	2.671806805688576	0.1873198497607472	-0.008711239017988367	-0.008800776386843914	-0.002432659463683149	-0.002223434388933451	1.924725137844353	-0.7484210000000000	45.71800000000000	3802269533.888833
0.1375215479063621	-0.04140973838423342	-0.005719959990029159	1.960066814792141	2.671215676125827	0.1878461100750308	-0.008726771010530087	-0.008853767890855523	-0.002491132847053582	-0.002237139088155165	1.926228086276684	-0.8740750000000000	46.44000000000000	3802269536.889562
0.1378020373842193	-0.04148922564254950	-0.005305164426005048	1.960859859911522	2.672544118854523	0.1866866927342726	-0.008718548190956125	-0.008823617552340667	-0.002467378035091427	-0.002238052734762764	1.929469703922907	-0.8741310000000000	46.43400000000000	3802269539.883714
0.1382579469914709	-0.04140517015103939	-0.005551849012228887	1.961189686255472	2.670103767906585	0.1860133352911689	-0.008701188905172269	-0.008833667665252029	-0.002481082734287346	-0.002237139088148695	1.929995050638515	-0.8741830000000000	46.43200000000000	3802269542.886812
0.1388189259469465	-0.04178981538958579	-0.005563726418660317	1.958184703064871	2.670975387138742	0.1859174023851774	-0.008684743266013248	-0.008779762514567340	-0.002494787433510114	-0.002217038862672614	1.930273712806261	-0.8742350000000000	46.43200000000000	3802269545.888712
0.1393013313025787	-0.04187752546776995	-0.004977165290667856	1.960201120746012	2.669028404984811	0.1856095035289357	-0.008704843491646543	-0.008826358492227697	-0.002450932395999063	-0.002284648712118684	1.931475157913335	-0.8742950000000000	46.44500000000000	3802269548.885415
0.1389020677790595	-0.04185194336161911	-0.005484239162788348	1.959903271826919	2.670711342966987	0.1861156636606082	-0.008702102551794145	-0.008830926725293304	-0.002444536869684238	-0.002242620967841401	1.931525408464213	-0.9985330000000000	47.22900000000000	3802269551.884223
0.1391898664287075	-0.04195518543276739	-0.004993610929558488	1.960087828406965	2.670270965219141	0.1861001317030921	-0.008713979957850487	-0.008861077063806223	-0.002466464388445124	-0.002266375779843859	1.932887655351596	-0.9985800000000000	47.23200000000000	3802269554.884672
0.1401939639392941	-0.04193691249986210	-0.005021020328287947	1.960558356502552	2.667928373898483	0.1851088252723076	-0.008716720897704524	-0.008872040823237178	-0.002488391907188288	-0.002253584727206144	1.934594346947022	-0.9986220000000000	47.23200000000000	3802269557.885099
0.1412053706210180	-0.04235993089779909	-0.005155326380535187	1.962637815754672	2.667324453080933	0.1857319321879447	-0.008696620672074738	-0.008756921349094622	-0.002456414275681297	-0.002214297922804908	1.930947983901871	-0.9986720000000000	47.23300000000000	3802269560.884267
0.1422916963153508	-0.04253900564082136	-0.004889455214973254	1.960302535423023	2.669390209419614	0.1866190829036981	-0.008696620672071768	-0.008847372364525603	-0.002418954764487517	-0.002219779802466993	1.928481138446653	-0.9987200000000001	47.23500000000000	3802269563.883811
0.1437781991773890	-0.04286883208084857	-0.004705812245550937	1.961416270562266	2.668366010709274	0.1863376797577659	-0.008690225145730215	-0.008809912853069760	-0.002479255441036639	-0.002254498373815363	1.927046713506966	-1.124375000000000	48.08900000000000	3802269566.883846
0.1458494357990051	-0.04300496543148803	-0.004569678899806251	1.961492103066742	2.669122510771323	0.1865286318602024	-0.008728598303766551	-0.008820876612521258	-0.002479255441026698	-0.002236225441563382	1.925948510456181	-1.124435000000000	48.09400000000000	3802269569.885559
0.1486643806687692	-0.04331012341217475	-0.004143919576015307	1.961922430627069	2.666044433560901	0.1861193182785059	-0.008737734769974565	-0.008862904357048906	-0.002444536869706538	-0.002267289426435357	1.923213052954417	-1.124481000000000	48.09200000000000	3802269572.888570
0.1523792673322998	-0.04462760188059287	-0.004091841719082512	1.960216652844394	2.668976327188168	0.1866300466336643	-0.008690225145730208	-0.008808085559866246	-0.002499355666555695	-0.002293785178249633	1.922386202899203	-1.124536000000000	48.09500000000000	3802269575.887862
0.1581525995361642	-0.04687151805542439	-0.003248545893331164	1.958146330021364	2.668929730732363	0.1854468744564581	-0.008719461837570174	-0.008798035447046935	-0.002499355666564033	-0.002287389651977780	1.921996075871133	-1.124587000000000	48.09300000000000	3802269578.889321
0.1671940452019860	-0.05051879549632806	-0.002259980254998380	1.958836133013338	2.670872144868816	0.1857154865296687	-0.008681088679530578	-0.008877522702944445	-0.002446364162884946	-0.002258152960284786	1.918779126692271	-1.248612000000000	49.01200000000000	3802269581.887938
0.1817356426072003	-0.05636522045824119	-0.0005560293204597156	1.959424521211841	2.668316674109307	0.1852358221268396	-0.008747784882797160	-0.008837322251645909	-0.002455500629047348	-0.002237139088148969	1.914480420120310	-1.248650000000000	49.02500000000000	3802269584.889631
0.2111194265835259	-0.06865925000438751	0.003541675731238252	1.961787211127478	2.664281094484534	0.1858388287827226	-0.008704843491653569	-0.008798035446980422	-0.002461896155375076	-0.002270944012910943	1.912320559912178	-1.248694000000000	49.02300000000000	3802269587.889778
0.3715529925363794	-0.1576118951481615	0.02481959136375907	1.961524994454054	2.668435447738700	0.1866327875917736	-0.008684743266005138	-0.008830013078717116	-0.002471946268119841	-0.002279166832399093	1.914537066199210	-1.248737000000000	49.02900000000000	3802269590.883168
0.7312199033529680	-0.3380416134691573	0.07135343870096056	1.958452401493365	2.669709985498203	0.1868630264803040	-0.008700275258545245	-0.008838235898325173	-0.002431745817082252	-0.002266375779801139	1.916165184183418	-1.248781000000000	49.02600000000000	3802269593.884694
1.049641135102631	-0.4332107370347851	0.1090066400377442	1.958984143743421	2.667161823914798	0.1852321675577454	-0.008713979957840496	-0.008864731650290322	-0.002446364162910758	-0.002251757433961080	1.911819881646013	-1.374249000000000	50.01900000000000	3802269596.886534
1.291015493684252	-0.4326552396101550	0.1360734181736494	1.962048513909728	2.669160883514590	0.1867753164204987	-0.008755094055756545	-0.008841890484785371	-0.002409818298317596	-0.002255412020468666	1.904392849655198	-1.374298000000000	50.05100000000000	3802269599.889628
1.489495998711842	-0.3652555008448912	0.1559379204238404	1.960866255337295	2.668441843462052	0.1859000431554367	-0.008680175032913840	-0.008781589807867597	-0.002455500629058111	-0.002292871531668351	1.896607668306344	-1.374348000000000	50.05200000000000	3802269602.889362
1.702370102432195	-0.2497559147751752	0.1758545002133633	1.958946684154874	2.670185995998815	0.1867159294305005	-0.008867472590023177	-0.008946959846120178	-0.002489305553806374	-0.002265462133210705	1.896126176620926	-1.374395000000000	50.05300000000000	3802269605.890333
1.935718133581430	-0.08467273677807720	0.1961219199603750	1.958338195546085	2.671442260549858	0.1851334937155243	-0.008763316875321855	-0.008879349996197616	-0.002419868411070399	-0.002288303298559611	1.895695849151197	-1.374437000000000	50.05400000000000	3802269608.884517
2.138385035755868	0.1299848760808162	0.2114876261753441	1.961735133061340	2.669714553883065	0.1867049656662423	-0.008670124920093124	-0.008840976838140231	-0.002460068862138349	-0.002270030366309795	1.897322139817975	-1.499047000000000	51.11400000000000	3802269611.885055
2.215099375901523	0.3616984041007135	0.2134601888771329	1.960958533806954	2.668826488591432	0.1866821245018923	-0.008735907476735671	-0.008837322251736279	-0.002416213824632164	-0.002266375779839037	1.895577988760295	-1.499088000000000	51.18300000000000	3802269614.889948
2.193529091630646	0.5803348815012033	0.2037673135874259	1.960219393649762	2.669995043447199	0.1868082076974744	-0.008772453341534462	-0.008877522702911173	-0.002490219200414806	-0.002236225441544036	1.893387978233745	-1.499132000000000	51.18500000000000	3802269617.887111
2.149472136747146	0.7835690915734961	0.1910091543238557	1.959870380610091	2.671393837761491	0.1862664153485669	-0.008731339243633555	-0.008836408605014862	-0.002468291681668685	-0.002251757434007576	1.894130772793108	-1.499175000000000	51.18400000000000	3802269620.888187
2.063042997009842	0.9479715017757123	0.1741633405751255	1.961492103130100	2.670621805750903	0.1858717200883083	-0.008724943717286330	-0.008789812627447777	-0.002477428147812543	-0.002274598599383869	1.894080522235481	-1.499218000000000	51.20600000000000	3802269623.887352
1.719793345679543	0.9149103005580694	0.1341109053464992	1.960560183656011	2.673095961884139	0.1865925871157975	-0.008721289130809873	-0.008866558943519145	-0.002465550741815477	-0.002207902396487115	1.894019307920932	-1.624522000000000	52.31000000000000	3802269626.885047
0.8935711764051629	0.4527834573064177	0.05553730289617593	1.961282878272022	2.668992772957316	0.1857109183108956	-0.008793467213787211	-0.008857422477279492	-0.002503010253046357	-0.002295612471483143	1.894683528890099	-1.624570000000000	52.49100000000000	3802269629.885445
0.3326709445306873	0.07757537062859067	0.007383559704833196	1.961195168224726	2.670703120262464	0.1848466087357764	-0.008719461837573144	-0.008865645296873743	-0.002502096606415898	-0.002290130591795534	1.895351404439610	-1.624609000000000	52.49600000000000	3802269632.888999
0.1980524548759245	-0.01205335839439633	-0.002304748939397882	1.962200179194875	2.672837399820330	0.1866172556215649	-0.008712152664625380	-0.008880263642808474	-0.002480169087665752	-0.002283735065468613	1.893764400577463	-1.624646000000000	52.49900000000000	3802269635.887477
0.1686412612329380	-0.02734506199008041	-0.004131128524025074	1.961483880429418	2.670078185441438	0.1857410686111148	-0.008745957589544216	-0.008840976838118880	-0.002510319425970427	-0.002295612471500872	1.892460627099149	-1.624679000000000	52.49800000000000	3802269638.889774
0.1579260152056152	-0.03147839937510868	-0.004604397471070930	1.961487535069543	2.669912815501503	0.1858424834023987	-0.008716720897699662	-0.008890313755632739	-0.002450932395987782	-0.002280994125684976	1.892631478986945	-1.749662000000000	53.60200000000000	3802269641.889318
0.1520384771887265	-0.03381276653960159	-0.004959806004327947	1.961535958237166	2.671112434159757	0.1852440449364937	-0.008755094055743835	-0.008851026950921180	-0.002523110478564601	-0.002217952509259554	1.892949427940407	-1.749687000000000	53.89600000000000	3802269644.889742
0.1480129507138989	-0.03535043383702519	-0.004877577809274518	1.963390660536710	2.669780336449189	0.1860800315033584	-0.008729511950396561	-0.008859249770551424	-0.002483823674118510	-0.002268203073056933	1.891079193684498	-1.749729000000000	53.89400000000000	3802269647.884346
0.1448827977995449	-0.03652355612609241	-0.005248518336385923	1.958051310829365	2.670666574594666	0.1845725148046967	-0.008724943717292540	-0.008870213529947232	-0.002494787433498554	-0.002219779802474768	1.888773150074277	-1.749772000000000	53.89600000000000	3802269650.885461
0.1425484309831157	-0.03729924212633211	-0.005334401117634657	1.959533245458949	2.670338574826020	0.1850293380029646	-0.008685656912644314	-0.008864731650306807	-0.002484737320740361	-0.002241707321264701	1.887961832028536	-1.749808000000000	53.89500000000000	3802269653.887917
0.1411733929933629	-0.03775972003485460	-0.005380083448790341	1.959488476486706	2.671741936563211	0.1856222946119765	-0.008708498078127049	-0.008884831875911716	-0.002503923899634877	-0.002227088975407438	1.884951367037000	-1.875021000000000	54.99500000000000	3802269656.884763
0.1396512579144882	-0.03815441538521108	-0.005331660178205125	1.960899146533951	2.668515848973627	0.1865551276150803	-0.008684743266004867	-0.008825444845605514	-0.002479255441047121	-0.002299267057967868	1.881753604516843	-1.875062000000000	55.45900000000000	3802269659.886904
0.1387257340032478	-0.03843399125840619	-0.005249431982570336	1.961318510350667	2.666348678062556	0.1871489978361432	-0.008674693153190116	-0.008807171913238173	-0.002469205328293763	-0.002289216945201349	1.879261177045469	-1.875093000000000	55.45700000000000	3802269662.885171
0.1378833519234309	-0.03874006288444756	-0.005383738034660099	1.959613646041704	2.667784931051044	0.1850923796473793	-0.008742303003079115	-0.008851026950976624	-0.002460982508739525	-0.002317539990236231	1.878938659856634	-1.875124000000000	55.45700000000000	3802269665.890322
0.1371012705126651	-0.03884239130866126	-0.005535403373995710	1.961895934836247	2.666914225637921	0.1860032851594391	-0.008720375484181782	-0.008819962965858298	-0.002476514501217568	-0.002286476005342510	1.876084428403010	-1.875161000000000	55.46000000000000	3802269668.886226
0.1364215175103456	-0.03899862488496920	-0.005578344765301209	1.959443707959725	2.665773993747721	0.1865715732522702	-0.008708498078134886	-0.008885745522511115	-0.002519455892116409	-0.002286476005363991	1.876743167484732	-2.000152000000000	57.22400000000000	3802269671.884461
0.1361784875389760	-0.03933119226385954	-0.005569208298470600	1.960785854548300	2.667530937612115	0.1852339948502371	-0.008691138792350750	-0.008832754018591404	-0.002527678711642728	-0.002276425892621121	1.878120032657804	-2.000182000000000	57.21900000000000	3802269674.885075
0.1358559703213091	-0.03934032873033332	-0.005905430253833640	1.957932536670942	2.668228049788237	0.1875245065233343	-0.008725857363904967	-0.008810826499689742	-0.002515801305625236	-0.002254498373823690	1.877817615689052	-2.000210000000000	57.22000000000000	3802269677.886710
0.1353744786109312	-0.03930195557119955	-0.005860661569322870	1.958826082710903	2.668892271728176	0.1861019589804681	-0.008690225145722649	-0.008866558943519726	-0.002523110478577235	-0.002282821418911501	1.874580566386935	-2.000237000000000	57.22400000000000	3802269680.885594
0.1351597716812099	-0.03926358241211603	-0.005733664689787721	1.962843386266785	2.664791823143621	0.1854578382469228	-0.008712152664617554	-0.008815394732761566	-0.002558742696542096	-0.002307489877492281	1.875782011437114	-2.000269000000000	57.22200000000000	3802269683.886846
0.1350903345464612	-0.03930469651116126	-0.005845129576612560	1.961277396250679	2.666763473770288	0.1861321093133645	-0.008691138792352639	-0.008883918229314957	-0.002509405779330277	-0.002267289426446100	1.878417881394071	-2.125429000000000	59.22500000000000	3802269686.885735
0.1351140893557354	-0.03932296944405069	-0.005566467358636292	1.961730564882374	2.667597633457104	0.1859466391069012	-0.008700275258556055	-0.008822703905772595	-0.002518542245468487	-0.002333985629329669	1.881623866729210	-2.125472000000000	59.22900000000000	3802269689.886116
0.1351232258208271	-0.03926723699866268	-0.005917307659836399	1.962339967253332	2.664828368795454	0.1855126570279026	-0.008707584431511102	-0.008822703905697166	-0.002502096606427459	-0.002302921644385704	1.882069726178681	-2.125511000000000	59.22600000000000	3802269692.884470
0.1347175667704362	-0.03931200568431965	-0.005876193561994109	1.960631448151458	2.666862147771476	0.1870402739164878	-0.008705757138270587	-0.008820876612556459	-0.002462809801967910	-0.002309317170684680	1.882627964151979	-2.125541000000000	59.22800000000000	3802269695.889751
0.1345229600638048	-0.03933210591051314	-0.005742801155334236	1.961726910407876	2.667072286205069	0.1862052010202565	-0.008685656912632426	-0.008822703905705812	-0.002469205328270657	-0.002292871531673735	1.883849509430508	-2.125570000000000	59.22700000000000	3802269698.889139
0.1346015336636776	-0.03931566027090051	-0.005740973862389140	1.961776247284935	2.667543728064525	0.1855236207731853	-0.008688397852483740	-0.008852854244194705	-0.002497528373349333	-0.002311144463972989	1.885315911956442	-2.250263000000000	61.52000000000000	3802269701.889770
0.1348290316446068	-0.03932662403061988	-0.005792138073698512	1.960995079613953	2.667618647509272	0.1866958292133445	-0.008720375484195832	-0.008853767890887454	-0.002457327922291599	-0.002297439764720407	1.885700557109540	-2.250297000000000	61.52100000000000	3802269704.886211
0.1353708240248818	-0.03939057929582207	-0.005710823524024094	1.963878547772073	2.665150886397657	0.1848785863791905	-0.008720375484187994	-0.008795294507154173	-0.002526765065007417	-0.002280994125668062	1.886792364591509	-2.250331000000000	61.52900000000000	3802269707.885231
0.1355124392338331	-0.03932114215077308	-0.005829597584321619	1.960703626228398	2.667698134856517	0.1855373254802907	-0.008713066311235378	-0.008807171913236538	-0.002534074237935782	-0.002288303298548868	1.883351572124938	-2.250367000000000	61.52800000000000	3802269710.889998
0.1358504884422474	-0.03930561015779171	-0.005909084840823244	1.961460125575851	2.667930201159765	0.1852011035703059	-0.008699361611934702	-0.008801690033479284	-0.002498442019952656	-0.002294698824878220	1.881751777224324	-2.250393000000000	61.53200000000000	3802269713.885911
0.1361099640508322	-0.03915759940124283	-0.005685241418922475	1.963086416355499	2.664383422713034	0.1849946194598772	-0.008702102551794670	-0.008846458717872931	-0.002501182959804240	-0.002286476005375014	1.881193539250531	-2.375752000000000	64.18800000000000	3802269716.889169
0.1368755998250843	-0.03884787318852863	-0.005548194426187565	1.963228031630518	2.667427695428232	0.1842052289199362	-0.008668297626865310	-0.008790726274029385	-0.002496614726729912	-0.002270944012878175	1.881456669423688	-2.375782000000000	64.20500000000000	3802269719.890059
0.1376595085289959	-0.03881680920258124	-0.005508907621597466	1.963704041274438	2.667863504606169	0.1856058489659591	-0.008703929845023309	-0.008773366988213929	-0.002502096606407563	-0.002299267057935356	1.882833534601615	-2.375811000000000	64.20999999999999	3802269722.885837
0.1382579469915143	-0.03862677070049448	-0.005322523711588415	1.959750692988939	2.669212047801803	0.1871206747796333	-0.008637233641776191	-0.008824531198986900	-0.002508492132720777	-0.002282821418894584	1.883749921973937	-2.375836000000000	64.20399999999999	3802269725.890983
0.1391990028937649	-0.03844860960473425	-0.005462311644816568	1.962577515092028	2.669232148100027	0.1857986283328722	-0.008705757138275453	-0.008787071687554840	-0.002432659463700884	-0.002280994125648446	1.882632532387088	-2.375853000000000	64.20699999999999	3802269728.888207
0.1403712113614056	-0.03811969681271510	-0.005387392621436943	1.963012411020245	2.665034853282251	0.1865130998772271	-0.008682915972770827	-0.008813567439535389	-0.002483823674139193	-0.002275512245998193	1.881744468045051	-2.500448000000000	67.28000000000000	3802269731.891175
0.1415781383950818	-0.03775515180163053	-0.005547280779352922	1.962192869922993	2.666954426115435	0.1860032851774325	-0.008692966085586954	-0.008787071687543786	-0.002503923899649112	-0.002238052734790941	1.881023601012132	-2.500468000000000	67.33799999999999	3802269734.890038
0.1428873938361957	-0.03731203317933730	-0.005531748787240178	1.964029299396480	2.666969957497716	0.1861421594455447	-0.008704843491649249	-0.008810826499694847	-0.002481996380889040	-0.002252671080611687	1.882627050508839	-2.500499000000000	67.34200000000000	3802269737.889747
0.1449193436596964	-0.03662953913675032	-0.005132485215123455	1.962265961873578	2.666803674533480	0.1864591947659957	-0.008684743266009192	-0.008787071687592189	-0.002492046493646412	-0.002309317170737605	1.885555287331777	-2.500527000000000	67.34099999999999	3802269740.889670
0.1474629355206074	-0.03568117392153597	-0.004834636418189282	1.962706339455012	2.666968130736808	0.1863038748603579	-0.008785244394216213	-0.008814481086192903	-0.002513974012413491	-0.002234398148328272	1.886592276036208	-2.500553000000000	67.34500000000000	3802269743.889297
0.1506853667250782	-0.03433537241821010	-0.004979906230315923	1.961841116165284	2.668437275214553	0.1860471402013970	-0.008787071687462419	-0.008989901237217855	-0.002468291681667875	-0.002264548486631049	1.887970054862722	-2.626016000000000	70.92800000000000	3802269746.884876
0.1553869915984659	-0.03254736594289926	-0.004683884726158614	1.965866642584440	2.666741546533903	0.1865642640738890	-0.008698447965306340	-0.008796208153749607	-0.002502096606437122	-0.002273684952754223	1.887839403415060	-2.626048000000000	71.10299999999999	3802269749.888361
0.1618811908700413	-0.03007960637187922	-0.004493846231134305	1.962984088022188	2.667085991048463	0.1846830660162800	-0.008705757138270319	-0.008843717778069160	-0.002528592358238222	-0.002317539990216076	1.889706896735640	-2.626075000000000	71.10200000000000	3802269752.890767
0.1736708851301379	-0.02596911015800530	-0.003787597395480339	1.965471947125966	2.666738805216788	0.1857492914405655	-0.008746871236183116	-0.008864731650250491	-0.002505751192875905	-0.002343122095453641	1.890036723099682	-2.626099000000000	71.11000000000000	3802269755.887275
0.2000304994928318	-0.01226349711003600	-0.002592547623689169	1.964408462526626	2.671119743302927	0.1862764654918342	-0.008721289130815284	-0.008904018454937677	-0.002532246944705507	-0.002317539990243221	1.891394401707886	-2.626125000000000	71.10800000000000	3802269758.890945
0.3417142156808892	0.08658392496976654	0.007186212028390319	1.963809110868361	2.668868516272973	0.1873152814773263	-0.008654592927551680	-0.008812653792944837	-0.002472859914725833	-0.002267289426427017	1.890909255450296	-2.750667000000000	75.17900000000000	3802269761.885921
0.9387783911764714	0.4924019037143310	0.05896347755619106	1.963971739781281	2.669734654105193	0.1848667089881804	-0.008732252890247880	-0.008840063191512123	-0.002474687207965241	-0.002291957885041923	1.890432332006960	-2.750688000000000	75.64500000000000	3802269764.891069
1.663091538075143	0.8987250584060034	0.1282069216233257	1.963129357678713	2.668206122584654	0.1855080887766729	-0.008713066311234030	-0.008795294507152319	-0.002481996380913768	-0.002325762809764413	1.892472504502311	-2.750714000000000	75.64800000000000	3802269767.886069
2.006099063293871	0.9712183153027470	0.1664530778849360	1.966482440246010	2.667723716899064	0.1865030497820246	-0.008712152664623220	-0.008842804131402624	-0.002487478260590608	-0.002297439764744569	1.894097881524627	-2.750736000000000	75.65200000000000	3802269770.886067
2.119882777520999	0.8665994312398272	0.1842426885410354	1.963417156383781	2.669201997901378	0.1874970971151333	-0.008713979957847531	-0.008898536575231288	-0.002529506004858476	-0.002306576230864249	1.892323580137331	-2.750760000000000	75.65400000000000	3802269773.887654
2.168246661419219	0.7124563519458436	0.1959355360882471	1.965388805401315	2.669545529096493	0.1864783813294834	-0.008721289130814748	-0.008815394732799684	-0.002519455892099213	-0.002293785178277042	1.892457886163356	-2.876039000000000	80.12900000000000	3802269776.890523
2.206608857344696	0.5458639214110835	0.2064251111451572	1.960574802007713	2.670020625633563	0.1860708950208693	-0.008690225145723729	-0.008841890484738291	-0.002489305553812011	-0.002270944012878711	1.891563426297639	-2.876061000000000	81.31399999999999	3802269779.890441
2.226046690514280	0.3705790472546886	0.2140184268627442	1.964802244259796	2.667919237778914	0.1857081773563322	-0.008683829619393530	-0.008801690033483599	-0.002509405779348271	-0.002249930140775401	1.888001118837719	-2.876087000000000	81.31800000000000	3802269782.890717
2.179440660436440	0.1874989235434818	0.2141509055983518	1.962881759420763	2.669127992708707	0.1858598426172172	-0.008681088679532475	-0.008819962965875880	-0.002496614726719146	-0.002307489877465158	1.887952695572496	-2.876113000000000	81.31999999999999	3802269785.891801
2.045334699716956	0.01122726998980612	0.2049386083506000	1.964066758928643	2.668331292299230	0.1862664153844512	-0.008726771010529820	-0.008895795635366690	-0.002553260816860126	-0.002333985629364595	1.888374800231190	-2.876140000000000	81.32800000000000	3802269788.890323
1.874177649153226	-0.1375856714941551	0.1908885529861426	1.965147602729665	2.669816882419864	0.1836807958248743	-0.008726771010538748	-0.008776107928089822	-0.002513060365783032	-0.002255412020424330	1.890986915395447	-3.000966000000000	86.06000000000000	3802269791.885907
1.696456982782512	-0.2540272133550099	0.1750121181655542	1.960477041996392	2.670309338455358	0.1845368825586031	-0.008727684657148732	-0.008847372364481503	-0.002478341794440312	-0.002281907772264137	1.893137639113694	-3.000977000000000	88.53400000000001	3802269794.890378
1.545263138670177	-0.3429442421980792	0.1611822513002405	1.965101006952023	2.666844788322558	0.1867058792911818	-0.008704843491643575	-0.008841890484733701	-0.002489305553796703	-0.002270944012908256	1.895433632615932	-3.000999000000000	88.54200000000000	3802269797.886680
1.410510367700437	-0.4070064267984286	0.1481125381749167	1.962534573885396	2.670210664077211	0.1856798543611471	-0.008681088679539503	-0.008846458717825027	-0.002482910027521106	-0.002313885403761985	1.897158597100790	-3.001026000000000	88.54100000000000	3802269800.889917
1.273509118703978	-0.4446715254822701	0.1343109940652508	1.963985444375538	2.670471967585311	0.1870357056361954	-0.008891227402124807	-0.009034669921592743	-0.002501182959800753	-0.002219779802527699	1.897844745576823	-3.001049000000000	88.54300000000001	3802269803.887794
1.122886322069886	-0.4520044567245736	0.1175099482730909	1.963041647438179	2.669885405892671	0.1854907294966030	-0.008764230521948064	-0.008874781763092053	-0.002514887659039654	-0.002314799050414461	1.896624113934508	-3.126304000000000	98.10599999999999	3802269806.890392
0.9367327399566477	-0.4165896703350868	0.09663312505936048	1.965152171019883	2.670845649007771	0.1860462265336044	-0.008737734769986188	-0.008852854244247981	-0.002535901531182714	-0.002279166832467077	1.896957594884732	-3.126330000000000	98.11300000000000	3802269809.886416
0.7450652991208622	-0.3525466716127115	0.07375724283218431	1.961197909027051	2.670493894809076	0.1866382694510957	-0.008727684657150623	-0.008858336123937329	-0.002460068862138350	-0.002270030366264655	1.896403011488115	-3.126341000000000	98.11799999999999	3802269812.887084
0.4961560803328834	-0.2273779631410861	0.04101123618877537	1.965363223245951	2.669736481764168	0.1848392995625069	-0.008790726273927780	-0.008939650673110505	-0.002503923899641059	-0.002259980253535482	1.894383852850231	-3.126353000000000	98.11300000000000	3802269815.886392
0.3002602538338026	-0.1158902158821868	0.01538162207938955	1.964001890159814	2.668386111117993	0.1849215277380377	-0.008750525822650918	-0.008872040823278525	-0.002514887659024594	-0.002280994125657577	1.889353315559922	-3.126373000000000	98.11499999999999	3802269818.886628
0.2296554858285642	-0.07683364679174666	0.006037758267677849	1.963044388592604	2.672580665227314	0.1855555984178857	-0.008718548190948290	-0.008851026950999057	-0.002524024125176239	-0.002305662584271956	1.888616002890150	-3.188853000000000	104.1700000000000	3802269821.891476
0.2043767157740579	-0.06518921993714949	0.002550369160353940	1.962825113413355	2.670471967069491	0.1869571320933144	-0.008830013078597361	-0.008946046199461610	-0.002493873786857878	-0.002301094351197058	1.889799175025233	-3.188865000000000	104.1700000000000	3802269824.889838
0.1915171417649943	-0.05999879322972650	0.0008263180047411192	1.962869882032892	2.669572938969710	0.1852860727100614	-0.008742303003069931	-0.008871127176609621	-0.002543210704057859	-0.002302921644446428	1.893070029278927	-3.188884000000000	104.1700000000000	3802269827.885342
0.1841412737886634	-0.05728708993692250	-0.0003002082686405357	1.963266404739035	2.667280597709503	0.1864381808798562	-0.008747784882796353	-0.008926859620460961	-0.002524024125163340	-0.002303835291023685	1.892662542960119	-3.188907000000000	104.1800000000000	3802269830.890850
0.1783962647375994	-0.05518570261925370	-0.0009315380785640625	1.962253170703101	2.667025690701732	0.1854980386861882	-0.008701188905169020	-0.008907673041409790	-0.002493873786888515	-0.002280994125680163	1.894642414804242	-3.188931000000000	104.1900000000000	3802269833.890913
0.1740180708009426	-0.05336297753618847	-0.001593018227171177	1.960277867082748	2.670023366530720	0.1865898462301728	-0.008682002326148953	-0.008831840371925179	-0.002476514501196859	-0.002310230817352476	1.897062664227494	-3.251261000000000	111.4100000000000	3802269836.887302
0.1710258785675942	-0.05216975500228457	-0.001860716684839279	1.961817361388441	2.666368778084689	0.1869306363212682	-0.008687484205869163	-0.008810826499705935	-0.002532246944719212	-0.002232570855095306	1.899336730221609	-3.251271000000000	111.4200000000000	3802269839.891244
0.1691519896264573	-0.05135295489172846	-0.002279166835803273	1.960514501454230	2.668703146346892	0.1849818284239640	-0.008682002326145711	-0.008792553567281260	-0.002514887659032397	-0.002271857659547312	1.901371420851405	-3.251305000000000	111.4200000000000	3802269842.891187
0.1677778653110731	-0.05079380313860855	-0.002418041119071482	1.961905985177995	2.667191974071204	0.1849626418471392	-0.008697534318692560	-0.008862904357027261	-0.002536815177801877	-0.002297439764764457	1.902338972441925	-3.251323000000000	111.4300000000000	3802269845.891015
0.1672022680242957	-0.05075451633242134	-0.002240793676144156	1.959904185672136	2.667942991954511	0.1865816233613035	-0.008689311499110761	-0.008797121800428803	-0.002545037997288140	-0.002295612471500871	1.901851085245450	-3.251346000000000	111.4400000000000	3802269848.886375
0.1676179771759442	-0.05071340223292132	-0.002346776683513380	1.960806868381674	2.666705000060707	0.1850613156870855	-0.008724030070662010	-0.008856508830654640	-0.002462809801967911	-0.002237139088168030	1.900429451366178	-3.313951000000000	120.2700000000000	3802269851.890605
0.1686668433424310	-0.05114921168757692	-0.002299267059111108	1.959049012687003	2.667105177706574	0.1848758454559079	-0.008857422477195986	-0.008980764771018716	-0.002513060365792442	-0.002333071982706470	1.900800391828031	-3.313970000000000	120.2800000000000	3802269854.890438
0.1704429721103117	-0.05183627397270277	-0.001880816910745038	1.960601297953159	2.666761646330752	0.1871426023014844	-0.008688397852487529	-0.008845545071270191	-0.002531333298088484	-0.002249016494155964	1.903380529392282	-3.313992000000000	120.2900000000000	3802269857.886442
0.1729098176173081	-0.05293721819383911	-0.001751992738086586	1.961678487005660	2.665890027235475	0.1857237093463694	-0.008734993830114064	-0.008801690033502318	-0.002521283185312019	-0.002339467508994443	1.904264939146667	-3.314012000000000	120.3100000000000	3802269860.890770
0.1767041914566675	-0.05452239514507393	-0.001271414618710936	1.959673033107270	2.666659318137122	0.1856889907618740	-0.008707584431510568	-0.008786158040936463	-0.002530419651471465	-0.002291044238438879	1.904892614256213	-3.314032000000000	120.3100000000000	3802269863.891496
0.1817868068189305	-0.05655891354858413	-0.0004801966513151810	1.960142647329699	2.668389765851608	0.1854130695585996	-0.008714893604471308	-0.008808085559801924	-0.002514887659038837	-0.002311144463939126	1.906692497762869	-3.376522000000000	131.2900000000000	3802269866.890621
0.1878214417868596	-0.05879003869503592	0.0002150884206321157	1.963273713632303	2.668388852062570	0.1861814462199816	-0.008737734769968891	-0.008932341500210116	-0.002497528373311184	-0.002312971757168332	1.907788873508359	-3.376532000000000	131.3300000000000	3802269869.890138
0.1975892361940825	-0.06250035779671051	0.001487798151400360	1.960994165966731	2.666637390387081	0.1871060564315884	-0.008718548190948831	-0.008782503454466770	-0.002514887659038039	-0.002270944012902630	1.902415718741488	-3.376556000000000	131.3300000000000	3802269872.886786
0.2136538819153496	-0.06920743798963101	0.003650399678679274	1.960085087575151	2.667345466995547	0.1869571320868003	-0.008700275258556597	-0.008808999206417843	-0.002501182959797794	-0.002315712697009716	1.894442326231481	-3.376580000000000	131.3500000000000	3802269875.886669
0.2484574158649542	-0.08664347124054050	0.008563077487446984	1.960776718034588	2.668974499636113	0.1861732234210639	-0.008707584431511654	-0.008837322251659179	-0.002513060365792178	-0.002297439764729524	1.890011141004718	-3.376611000000000	131.3700000000000	3802269878.891312
0.3688275869428866	-0.1564579584606562	0.02423028935365487	1.959770793208744	2.667364653581292	0.1861841871855283	-0.008726771010533874	-0.008819049319285297	-0.002525851418413244	-0.002347690328532838	1.890034895806015	-3.438862000000000	145.1100000000000	3802269881.891679
0.6083554986560092	-0.2893725560531654	0.05622893354142441	1.962308903148748	2.668112930410325	0.1869808868843821	-0.008716720897711546	-0.008846458717854484	-0.002496614726742800	-0.002302007997805751	1.893498529449471	-3.438869000000000	145.4900000000000	3802269884.890568
0.8069310251355015	-0.3759067969792717	0.08137522778817387	1.959950781542750	2.665882717681897	0.1871745799328338	-0.008713066311230507	-0.008878436349557416	-0.002514887659036701	-0.002291044238412286	1.896774865596185	-3.438887000000000	145.5000000000000	3802269887.887028
0.9927657467620621	-0.4313578608325692	0.1027390248561764	1.958885469812164	2.667721889518244	0.1863778802218968	-0.008737734769968079	-0.008886659169136486	-0.002512146719175151	-0.002269116719690869	1.896782174764286	-3.438906000000000	145.5100000000000	3802269890.891088
1.159108738559179	-0.4540071710706012	0.1217172905040717	1.958816946406203	2.668670255177406	0.1863961531484568	-0.008701188905164142	-0.008827272138829289	-0.002490219200441671	-0.002273684952755024	1.893589894098733	-3.438926000000000	145.5300000000000	3802269893.887122
1.295490532548631	-0.4413312318712652	0.1366042468037223	1.960033009894615	2.665751152425821	0.1860398310467794	-0.008699361611933906	-0.008845545071238005	-0.002511233072571292	-0.002320280930077890	1.891430947561574	-3.501675000000000	163.0800000000000	3802269896.885596
1.420250750075226	-0.4041421434206670	0.1494903170987734	1.958960388785191	2.668465598418708	0.1855820941440010	-0.008668297626846129	-0.008901277515100135	-0.002537728824373753	-0.002284648712143658	1.892022076811017	-3.501680000000000	164.5800000000000	3802269899.891613
1.539863489176670	-0.3446947896780136	0.1608981072430043	1.961984558583743	2.665022975634659	0.1856962999399917	-0.008680175032916543	-0.008799862740207406	-0.002486564613938389	-0.002336726569183156	1.892505395777831	-3.501697000000000	164.6000000000000	3802269902.887379
1.675920040510214	-0.2659302044226792	0.1732670533862703	1.959026171150350	2.667269633889229	0.1862152511507182	-0.008749612176036065	-0.008906759394783571	-0.002516714952264556	-0.002305662584267370	1.893115711600048	-3.501711000000000	164.6200000000000	3802269905.886576
1.835959819304044	-0.1651376025550656	0.1876990131527916	1.959170527539735	2.665613191784420	0.1852988637614022	-0.008651851987694418	-0.008832754018532491	-0.002476514501219985	-0.002302921644386776	1.895990043302396	-3.501728000000000	164.6400000000000	3802269908.891675
1.995233978674569	-0.03785565369041898	0.2010254605490395	1.960875391832547	2.665014753019934	0.1855830077823958	-0.008687484205864298	-0.008782503454434357	-0.002487478260588731	-0.002283735065519377	1.897853882052811	-3.532961000000000	175.6900000000000	3802269911.890956
2.138115509665901	0.1144547134407821	0.2117151241441353	1.958783141396445	2.667009244794012	0.1853518552538129	-0.008686570559248626	-0.008778848867972235	-0.002460068862127871	-0.002274598599383601	1.899044363359284	-3.532979000000000	176.8400000000000	3802269914.891637
2.216838045592262	0.2784533409864030	0.2157808508754060	1.956953107567646	2.667327193808166	0.1864710721563937	-0.008732252890258415	-0.008826358492182787	-0.002513060365809909	-0.002283735065535781	1.900553707288575	-3.532992000000000	176.8500000000000	3802269917.887381
2.223361482895976	0.4381422811447768	0.2118786668605465	1.960106101302562	2.665985046265795	0.1869233271552383	-0.008685656912626211	-0.008783417101072197	-0.002512146719180261	-0.002295612471519686	1.903713096691889	-3.533016000000000	176.8700000000000	3802269920.891594
2.197285093049994	0.5894960130072984	0.2036832581139578	1.961586208575382	2.661993322050148	0.1855957988538063	-0.008713066311231055	-0.008884831875918689	-0.002494787433514402	-0.002291957885068529	1.901640946557192	-3.533037000000000	176.9000000000000	3802269923.886959
2.164294226025270	0.7337927322939987	0.1945705482660983	1.958079633440424	2.666088288465308	0.1852001899311695	-0.008761489582083233	-0.008861077063761101	-0.002495701080106700	-0.002315712697038206	1.900142566387740	-3.564494000000000	189.3900000000000	3802269926.889424
2.124476592585218	0.8676181467753576	0.1848228540553330	1.957802798674140	2.662498568621571	0.1856688905685287	-0.008714893604461841	-0.008880263642774387	-0.002490219200462359	-0.002246275554299533	1.899467381661900	-3.564516000000000	191.8200000000000	3802269929.891009
2.049015781196876	0.9727687728648781	0.1714260557176041	1.958015678501007	2.662720585041570	0.1846593112136083	-0.008756007702374644	-0.008890313755613210	-0.002508492132723740	-0.002291044238415501	1.898025647581215	-3.564521000000000	191.8200000000000	3802269932.886778
1.841011372606076	0.9777207351544157	0.1460303377607258	1.957016149125639	2.663936649276270	0.1873563955733945	-0.008719461837565579	-0.008838235898284563	-0.002546865290556590	-0.002302007997809514	1.898568353564218	-3.564533000000000	191.8400000000000	3802269935.891884
1.310307136663385	0.7219427391156109	0.09312106764163836	1.958279722248340	2.661291640914361	0.1852084127383908	-0.008707584431508411	-0.008875695409670648	-0.002497528373325959	-0.002289216945202155	1.902021023483720	-3.564556000000000	191.8700000000000	3802269938.892394
0.6456742898015276	0.2967673800297070	0.03281217171166859	1.959365134036061	2.661749378079372	0.1871599615731110	-0.008697534318689061	-0.008891227402271896	-0.002529506004878644	-0.002250843787389209	1.904326153466239	-3.595834000000000	210.2700000000000	3802269941.887798
0.2975110914080733	0.05395303946362054	0.003900738844466037	1.956044942896953	2.664730608818410	0.1850119787591226	-0.008681088679533815	-0.008840063191507517	-0.002488391907177797	-0.002263634839980722	1.906060254425910	-3.595850000000000	210.3000000000000	3802269944.891181
0.2046873555269029	-0.009454033746520731	-0.002220693451446542	1.958154552489825	2.664013395722119	0.1843340530516273	-0.008693879732221797	-0.008734080183619437	-0.002497528373333750	-0.002249930140786162	1.907216017177145	-3.595871000000000	210.3300000000000	3802269947.888857
0.1784364651756764	-0.02391705981992741	-0.003618572772093859	1.957859444739923	2.660738884441131	0.1865989826654156	-0.008722202777433926	-0.008823617552350107	-0.002520369538729134	-0.002271857659549191	1.905088134602493	-3.595887000000000	210.3800000000000	3802269950.890642
0.1665024148122940	-0.02844966077155260	-0.004083618899583105	1.956565721299857	2.666590793968703	0.1857502051716260	-0.008656420220793272	-0.008830926725349821	-0.002544124350700961	-0.002318453636877704	1.905193203946188	-3.595912000000000	210.4000000000000	3802269953.891623
0.1591667471441143	-0.03099599394969149	-0.004691193899173010	1.959095608512202	2.661603194957541	0.1849644691418228	-0.008692052438978845	-0.008817222026011276	-0.002483823674120114	-0.002308403524102056	1.903198713748282	-3.626957000000000	233.7800000000000	3802269956.889998
0.1547611437492289	-0.03269080846522583	-0.004629065929380049	1.958541024896297	2.663490789398695	0.1852595769543053	-0.008744130296311258	-0.008873868116439341	-0.002513974012402743	-0.002316626343624856	1.902348108901321	-3.626965000000000	233.7900000000000	3802269959.888562
0.1513678606595680	-0.03408229229854914	-0.005046602433268620	1.957726966221034	2.664771722342943	0.1889022854047583	-0.008740475709838326	-0.008889400109057604	-0.002480169087650157	-0.002299267057955517	1.902193702656366	-3.626981000000000	233.8300000000000	3802269962.886189
0.1485748433118331	-0.03507451255114891	-0.004954324124347709	1.958804155278319	2.663591290811686	0.1856835088705098	-0.008693879732212877	-0.008814481086188921	-0.002524937771773646	-0.002292871531665665	1.903087248877518	-3.626997000000000	233.8700000000000	3802269965.890860
0.1465319297360534	-0.03590319005559305	-0.004997265516111709	1.957788180352372	2.664764413662030	0.1855565120458876	-0.008699361611928766	-0.008828185785486871	-0.002495701080126047	-0.002238052734794990	1.903080853356282	-3.627016000000000	233.9200000000000	3802269968.886877
0.1447165141361392	-0.03655005187875269	-0.005203749651826252	1.955257379794922	2.667108832027186	0.1866400967367809	-0.008724943717287137	-0.008765144168678837	-0.002475600854569634	-0.002259066606948277	1.903288251100277	-3.639460000000000	245.3300000000000	3802269971.888260
0.1432857437119518	-0.03701966625337157	-0.005412974726604042	1.959625523482141	2.663568449657685	0.1859128341705248	-0.008727684657154410	-0.008840063191538048	-0.002528592358249254	-0.002245361907663977	1.903261755356361	-3.639471000000000	245.3500000000000	3802269974.890806
0.1423191057105803	-0.03743263453634019	-0.005520785028493702	1.957816503515332	2.668498489571558	0.1865003088654672	-0.008718548190955317	-0.008785244394278096	-0.002556915403323903	-0.002273684952748852	1.898038438623851	-3.639484000000000	245.3700000000000	3802269977.888180
0.1418915191464035	-0.03751760367420498	-0.005472361756879513	1.959546036265308	2.661547462365654	0.1859338480289350	-0.008717634544332897	-0.008867472590153991	-0.002503010253046881	-0.002306576230865319	1.895496674219172	-3.639497000000000	245.4000000000000	3802269980.891339
0.1413250583132484	-0.03791503996435655	-0.005448606944741757	1.957302120646863	2.665551977685012	0.1855583393448250	-0.008658247514028390	-0.008791639920627214	-0.002523110478589326	-0.002312971757179357	1.893712322721617	-3.639514000000000	245.4500000000000	3802269983.891683
0.1406489598991982	-0.03796985876303736	-0.005507993975623313	1.957477540399468	2.665532790708243	0.1888492939030262	-0.008661902100514575	-0.008841890484768626	-0.002518542245467676	-0.002337640215756904	1.891598144858164	-3.652047000000000	258.2500000000000	3802269986.892226
0.1399856525358518	-0.03803655496801161	-0.005557330891957997	1.957578041654482	2.664934352100061	0.1854998659461101	-0.008667383980231815	-0.008798035446990647	-0.002452759689212145	-0.002280994125634756	1.892251402067724	-3.652062000000000	258.2900000000000	3802269989.892219
0.1395909572451556	-0.03840018633256211	-0.005465052584725624	1.959779929751256	2.665429548825037	0.1859968896153139	-0.008658247514047861	-0.008876609056349117	-0.002504837546271791	-0.002290130591832334	1.894584855068570	-3.652077000000000	258.3500000000000	3802269992.886482
0.1391588024474842	-0.03844130043154394	-0.005489721041853311	1.958824255383586	2.666953512594247	0.1852084127307761	-0.008708498078140834	-0.008810826499739525	-0.002496614726722650	-0.002262721193413385	1.894682615238695	-3.652090000000000	258.4200000000000	3802269995.893223
0.1390062234809016	-0.03843581855171825	-0.005556417246438941	1.957479368057924	2.669833327679207	0.1874861334229856	-0.008676520446427657	-0.008824531198996866	-0.002530419651474426	-0.002291044238426789	1.893596289622593	-3.652102000000000	258.4500000000000	3802269998.891934
0.1390098780669246	-0.03843855949164498	-0.005504339388283088	1.958952165913433	2.668699492074791	0.1860745496200833	-0.008695707025448529	-0.008831840371968174	-0.002493873786899537	-0.002295612471528020	1.892896436456512	-3.664679000000000	272.9700000000000	3802270001.891173
0.1393132087071285	-0.03841845926544872	-0.005480584576261586	1.960842500526613	2.665991441739113	0.1867067929580782	-0.008705757138274909	-0.008811740146305405	-0.002565138222857461	-0.002285562358712846	1.893321282044965	-3.664691000000000	273.0300000000000	3802270004.890767
0.1390409420482014	-0.03842850937856406	-0.005444952358497314	1.959459239748096	2.670069048952599	0.1864875177839651	-0.008720375484190969	-0.008800776386887969	-0.002505751192872132	-0.002319367283439642	1.893197026135547	-3.664692000000000	273.0400000000000	3802270007.891520
0.1392108802983834	-0.03842302749863868	-0.005502512094736551	1.959342292966518	2.667938423755389	0.1854359107111788	-0.008745043942933137	-0.008842804131379136	-0.002502096606413742	-0.002309317170691388	1.894641501161459	-3.664697000000000	273.0700000000000	3802270010.888342
0.1396147120543352	-0.03847510535747727	-0.005410233787247205	1.959959004400535	2.668084607288625	0.1846017514672472	-0.008715807251082109	-0.008810826499683500	-0.002482910027485366	-0.002271857659516941	1.893278340665802	-3.664704000000000	273.1100000000000	3802270013.891472
0.1398595693180685	-0.03844495501810562	-0.005555503598542478	1.961818275008748	2.667783103961719	0.1852677997380996	-0.008713066311224833	-0.008816308379403772	-0.002513060365810452	-0.002303835290978815	1.892335457537227	-3.676948000000000	289.2800000000000	3802270016.892351
0.1403474565522024	-0.03808589188682705	-0.005538144313486551	1.964997764667450	2.668709541947643	0.1860526221011920	-0.008659161160656221	-0.008827272138836341	-0.002507578486107789	-0.002292871531632605	1.893610907964085	-3.676951000000000	289.3200000000000	3802270019.891769
0.1408508757769649	-0.03803107308819447	-0.005530835141362857	1.960974979394133	2.666823774451013	0.1863934122060445	-0.008660988453897012	-0.008803517326702787	-0.002515801305637048	-0.002270944012913356	1.895152229515018	-3.676966000000000	289.3600000000000	3802270022.891355
0.1415479880605042	-0.03802467756168051	-0.005444952358349102	1.959293869836521	2.669641461880609	0.1846428656235563	-0.008687484205867539	-0.008851026950960411	-0.002464637095216465	-0.002300180704566076	1.892809640036715	-3.676981000000000	289.4600000000000	3802270025.892099
0.1419518198157081	-0.03762175939162016	-0.005484239162146947	1.963246304459912	2.666808242528993	0.1865852779570262	-0.008711239017984047	-0.008824531198964461	-0.002527678711623629	-0.002277339539209124	1.890741144506035	-3.676992000000000	289.5500000000000	3802270028.893331
0.1424378797561112	-0.03748379874836334	-0.005537230667051914	1.959700442606884	2.667578447036937	0.1862983929839546	-0.008682002326151654	-0.008872040823279109	-0.002507578486101879	-0.002235311794976190	1.888964102179425	-3.689482000000000	309.0600000000000	3802270031.887387
0.1435890743512066	-0.03708088057855496	-0.005571035592151110	1.960059505608193	2.668020652392016	0.1858187285609603	-0.008726771010528742	-0.008869299883317219	-0.002544124350695315	-0.002303835291038202	1.888180193538373	-3.689495000000000	309.1600000000000	3802270034.891891
0.1450079673706050	-0.03659299327100835	-0.005002747395863339	1.961566108568514	2.666609980983195	0.1868036394631336	-0.008710325371374320	-0.008869299883372086	-0.002549606230388292	-0.002316626343630498	1.888956793004329	-3.689505000000000	309.2600000000000	3802270037.887768
0.1468498787184729	-0.03599455471985899	-0.005018279387617009	1.960140820041813	2.667522714209582	0.1848054945839492	-0.008746871236175282	-0.008892141048859393	-0.002525851418420226	-0.002301094351207015	1.890108901160577	-3.689517000000000	309.3300000000000	3802270040.893378
0.1491285130907625	-0.03523805530003334	-0.005016452094541291	1.962185560866617	2.667009244848265	0.1864299580680445	-0.008790726273918062	-0.008892141048892395	-0.002534987884558175	-0.002340381155627855	1.890763072020563	-3.689521000000000	309.3900000000000	3802270043.887353
0.1514336432075881	-0.03419101624885346	-0.004958892359276118	1.962428590799116	2.666070015332293	0.1861202318875367	-0.008689311499105089	-0.008827272138801991	-0.002515801305642153	-0.002302921644417415	1.891848483988629	-3.702068000000000	333.0900000000000	3802270046.889594
0.1547328207079420	-0.03285343756716574	-0.004682057433456200	1.963148544252178	2.667272375250454	0.1865277182759635	-0.008670124920097451	-0.008765144168699394	-0.002458241568892488	-0.002306576230896776	1.888725640453146	-3.702078000000000	333.2400000000000	3802270049.890512
0.1587336787066927	-0.03115953669795677	-0.004596174650677043	1.959956263335363	2.667236742836948	0.1856168127234802	-0.008696620672073932	-0.008808085559817566	-0.002508492132705465	-0.002278253185799009	1.887946300052548	-3.702088000000000	333.3100000000000	3802270052.888425
0.1653119334385576	-0.02896861206100355	-0.004111941943434275	1.964806812757062	2.668631882006856	0.1849635554777249	-0.008742303003071272	-0.008889400109000795	-0.002506664839494259	-0.002305662584253687	1.884044116122396	-3.702100000000000	333.3900000000000	3802270055.893020
0.1762446272715934	-0.02511210961503160	-0.003680700741433823	1.960176452516047	2.665051299480337	0.1864317853508393	-0.008725857363907127	-0.008843717777998038	-0.002495701080107778	-0.002254498373856461	1.882956876866658	-3.702103000000000	333.4000000000000	3802270058.887633
0.1961155244191671	-0.01505834211572770	-0.002862073373887921	1.961688537046151	2.670215232191587	0.1855135706603909	-0.008695707025456646	-0.008882090936068187	-0.002513974012393069	-0.002287389651960332	1.884232327289991	-3.714661000000000	362.0300000000000	3802270061.887319
0.2615846874088957	0.02884420437023226	0.0009103734907262442	1.963260008906348	2.664739745207649	0.1858927339462621	-0.008708498078134072	-0.008847372364469345	-0.002517628598877525	-0.002270030366298760	1.884792392550929	-3.714683000000000	363.3900000000000	3802270064.891253
0.5749736011642015	0.2515738600112228	0.02625218921045269	1.961129385259041	2.667275115700640	0.1859904941038230	-0.008684743266015135	-0.008847372364507724	-0.002546865290558997	-0.002270030366292317	1.885566251081628	-3.714684000000000	363.9500000000000	3802270067.887877
1.213779501311140	0.6676401748222081	0.08380095924240870	1.961849338979650	2.668623659252913	0.1859247115446445	-0.008735907476738648	-0.008845545071251269	-0.002505751192865425	-0.002325762809777319	1.888070555970905	-3.714691000000000	364.0700000000000	3802270070.889116
1.768026558798090	0.9532231400160375	0.1380788722212358	1.961419925209420	2.665234028373891	0.1860654131419738	-0.008712152664611866	-0.008832754018605185	-0.002528592358248440	-0.002304748937673733	1.888986943344399	-3.714701000000000	364.1900000000000	3802270073.892883
2.017057339238701	0.9875533953823330	0.1669829928537623	1.963873066004514	2.666472020890401	0.1857182274619211	-0.008703929845035197	-0.008831840371996628	-0.002509405779358498	-0.002267289426467311	1.888763099988291	-3.727027000000000	396.6700000000000	3802270076.891638
2.110874222021092	0.9029579814776824	0.1816863057018251	1.961354142895065	2.666100166467689	0.1858388288120382	-0.008694793378832869	-0.008843717777993462	-0.002520369538708450	-0.002302921644402895	1.889801915983219	-3.727034000000000	403.5700000000000	3802270079.887170
2.154393951082841	0.7802123555944287	0.1915637377334283	1.954785938118431	2.672158560094568	0.1859438981356325	-0.008669211273483149	-0.008804430973399542	-0.002524937771804286	-0.002320280930089709	1.887152341306509	-3.727048000000000	403.7600000000000	3802270082.892034
2.187495369045568	0.6451663067235498	0.2005467098044818	1.963751550628403	2.667266893214008	0.1858644109033180	-0.008670124920093671	-0.008776107928139034	-0.002516714952230148	-0.002310230817319149	1.883058291621363	-3.727056000000000	403.8300000000000	3802270085.886947
2.217180663065198	0.5044510761345978	0.2089641346587892	1.963951639456633	2.660914304425359	0.1856369129299352	-0.008692052438979929	-0.008822703905766041	-0.002507578486108072	-0.002336726569153331	1.881560825118813	-3.727062000000000	403.9300000000000	3802270088.889843
2.232810417004729	0.3577404887447651	0.2153952920704304	1.959198850445810	2.663904671502523	0.1861046999392126	-0.008690225145727787	-0.008827272138835239	-0.002478341794418003	-0.002347690328507850	1.881093038141668	-3.739409000000000	461.7200000000000	3802270091.888636
2.197730952798546	0.2053013252885530	0.2155515256143056	1.959907840193954	2.668327638382617	0.1855811804808614	-0.008722202777427709	-0.008871127176557195	-0.002514887659021106	-0.002302921644384087	1.880119091044258	-3.739413000000000	462.0300000000000	3802270094.893609
2.090260528227871	0.05503114219334977	0.2084497517005026	1.951588175527131	2.670792657429391	0.1866958291903091	-0.008734080183499747	-0.008845545071196633	-0.002533160591322253	-0.002258152960336083	1.881404591572060	-3.739415000000000	462.2100000000000	3802270097.888762
1.951917998188317	-0.07761207433551204	0.1978404889724183	1.972532606880117	2.665619587512352	0.1856926453666107	-0.008679261386286006	-0.008818135672731578	-0.002501182959795639	-0.002302007997789901	1.883139606147253	-3.739426000000000	462.3600000000000	3802270100.892208
1.803909103608519	-0.1872496815064740	0.1849617283181945	1.957518654409653	2.666351419469866	0.1860398310129605	-0.008721289130807171	-0.008857422477273549	-0.002503923899655581	-0.002296526118111442	1.884777774209971	-3.739425000000000	462.4000000000000	3802270103.893666
1.662969103873597	-0.2750840322400505	0.1721469227976654	1.961220750054224	2.659745749876308	0.1852650588095481	-0.008804430973230604	-0.008946046199465860	-0.002534987884547963	-0.002298353411334193	1.887015294337263	-3.752246000000000	563.3200000000000	3802270106.892104
1.541094170649119	-0.3448354912575588	0.1608789206661937	1.954044057273979	2.672603505916966	0.1861083545172363	-0.008724030070669849	-0.008859249770647618	-0.002524024125163615	-0.002276425892565510	1.887101177089087	-3.752255000000000	564.0400000000000	3802270109.887470
1.431811115758185	-0.3983477941225154	0.1505757291409962	1.959739729297296	2.665340011398222	0.1857492914454821	-0.008705757138269510	-0.008898536575246169	-0.002518542245466610	-0.002360481381128103	1.886832565042290	-3.752268000000000	564.4500000000000	3802270112.888596
1.324183591471882	-0.4344733971700402	0.1395799934810440	1.966542741004752	2.662056363980462	0.1859804439866180	-0.008693879732216657	-0.008867472590128571	-0.002562397282999946	-0.002334899275939702	1.889566195185344	-3.752283000000000	564.7600000000000	3802270115.892102
1.214451028865448	-0.4539569204875525	0.1278697861541579	1.953647534599450	2.670427198514587	0.1857538596952177	-0.008697534318699872	-0.008860163417150015	-0.002524024125145345	-0.002337640215796938	1.889761715517677	-3.752290000000000	565.2100000000000	3802270118.892984
1.090047137415029	-0.4508322475543722	0.1139796181096622	1.969540415148236	2.656912530652887	0.1861366775411447	-0.008701188905165228	-0.008808999206434846	-0.002481996380891452	-0.002273684952741052	1.887963659329981	-3.764839000000000	656.7700000000000	3802270121.892998
0.9446503978678027	-0.4206151990483605	0.09727450493487223	1.951138661069436	2.670758852920657	0.1863833620979642	-0.008925032327071470	-0.009048374620862063	-0.002513060365780345	-0.002306576230896503	1.886366605358863	-3.764848000000000	658.1200000000000	3802270124.888218
0.8047665974253491	-0.3773923868417693	0.08123452622598290	1.964593019129044	2.661260576371923	0.1855455482842965	-0.008868386236639920	-0.008995383116926679	-0.002520369538708980	-0.002298353411306246	1.887618300972830	-3.764862000000000	658.6200000000000	3802270127.889081
0.6660550006895172	-0.3204137090173312	0.06383595486019068	1.962836077160597	2.664756191067172	0.1859566891819256	-0.008766971461807500	-0.008857422477296246	-0.002459155215519448	-0.002245361907666666	1.890322694433353	-3.764866000000000	659.0400000000000	3802270130.893868
0.4786999547011940	-0.2199006771187336	0.03852611751023409	1.961574331257198	2.664800046196602	0.1860791178089845	-0.008710325371368639	-0.008859249770516225	-0.002522196831961553	-0.002298353411317808	1.893925202342055	-3.764877000000000	659.3600000000000	3802270133.892947
0.3303795209603514	-0.1336323215072197	0.01943638568675222	1.958530975110660	2.667773053649843	0.1860663267727291	-0.008823617552252834	-0.008970714658230992	-0.002511233072570489	-0.002318453636877438	1.893859419802957	-3.777139000000000	739.1400000000000	3802270136.889073
0.2619254779231803	-0.09417009265400399	0.01031819261777265	1.957906954360135	2.669702676506575	0.1858516198529260	-0.008723116424049857	-0.008872040823219072	-0.002549606230386672	-0.002312058110545412	1.891478457174425	-3.777152000000000	740.6500000000000	3802270139.891706
0.2334873190489221	-0.07849922467561712	0.006626146682933052	1.956484407032182	2.665620500621460	0.1860270399623780	-0.008686570559262412	-0.008887572815794342	-0.002497528373327292	-0.002293785178257159	1.889967285966935	-3.777160000000000	741.3000000000000	3802270142.888258
0.2197150125025914	-0.07184787686969830	0.004766875836403385	1.962783999395089	2.656173389250329	0.1855446346421393	-0.008796208153650694	-0.008946959846057976	-0.002508492132731269	-0.002281907772266001	1.892463368042039	-3.777169000000000	741.7000000000000	3802270145.888163
0.2120869782547392	-0.06868483209109774	0.003734455168026841	1.958971352627678	2.667018381368501	0.1858799428925531	-0.008752353115898190	-0.008911327627842167	-0.002534074237947334	-0.002309317170707244	1.892249574769990	-3.777179000000000	742.0800000000000	3802270148.887575
0.2077672577994526	-0.06690230743802268	0.002977955773763736	1.959903271635216	2.669192861303296	0.1860663267796961	-0.008739562063204550	-0.008848286011103936	-0.002535901531175185	-0.002291957885029017	1.891749810166899	-3.789481000000000	813.7800000000000	3802270151.893449
0.2059481876967188	-0.06621159055635141	0.002940496263620348	1.965457328982536	2.655571295848937	0.1855510301558513	-0.008774280634776326	-0.008922291387303662	-0.002524937771787625	-0.002252671080602006	1.892245006534904	-3.789480000000000	817.5000000000000	3802270154.894086
0.2057709402833390	-0.06612022588957700	0.002977042127063082	1.967942446932731	2.665787698963586	0.1859448117953435	-0.008733166536868129	-0.008841890484797239	-0.002533160591321178	-0.002280994125676409	1.893763486918763	-3.789483000000000	817.9700000000000	3802270157.889007
0.2069833491367307	-0.06661268144391894	0.002871972767992926	1.962307989583104	2.670884936398429	0.1854340833885022	-0.008722202777432304	-0.008825444845576576	-0.002538642470997754	-0.002301094351169927	1.894766670716918	-3.789483000000000	818.3099999999999	3802270160.892274
0.2106543806092030	-0.06811197562878769	0.003609285582246949	1.933152615609149	2.712211936964710	0.1877958596090808	-0.008717634544336944	-0.008854681537423323	-0.002552347170226710	-0.002302007997790715	1.894861689944209	-3.789481000000000	818.5300000000000	3802270163.892394
0.2175350520666506	-0.07101280381044291	0.004374007794302659	1.957649303080643	2.752907609475626	0.1884838354505743	-0.008691138792344795	-0.008838235898271320	-0.002534987884564345	-0.002333985629288301	1.892034867858003	-3.802080000000000	854.3400000000000	3802270166.893758
0.2290926796532058	-0.07626261760618618	0.005978371237826533	1.944173021273657	2.662204373299793	0.1873618774594174	-0.008695707025452585	-0.008840976838178862	-0.002541383410838880	-0.002320280930143697	1.891830211052161	-3.802085000000000	855.1799999999999	3802270169.894715
0.2520416508780813	-0.08847533282309177	0.008990664101122191	1.950487231644282	2.681371777660711	0.1859365889929465	-0.008672865859957156	-0.008809912853081100	-0.002525851418399538	-0.002298353411322642	1.892389362677524	-3.802090000000000	855.7200000000000	3802270172.895185
0.3060947999419474	-0.1191409707998850	0.01617101274597247	1.962383822201105	2.655467140380778	0.1853408914778631	-0.008733166536878405	-0.008907673041464706	-0.002477428147816831	-0.002315712697014563	1.889092926325400	-3.802101000000000	856.2300000000000	3802270175.894110
0.4368823626658003	-0.1963121440239229	0.03323062191133897	1.964782143957016	2.676688422858851	0.1867022247049838	-0.008709411724743248	-0.008842804131325595	-0.002525851418394968	-0.002302921644387043	1.886657144923487	-3.802109000000000	856.6500000000000	3802270178.888535
0.6211173099868372	-0.2982659945236281	0.05785979267866957	1.941245697657732	2.681715308561467	0.1859548619108944	-0.008751439469268473	-0.008879349996166547	-0.002521283185336477	-0.002296526118113057	1.888732035985321	-3.814830000000000	886.9500000000000	3802270181.888910
0.7647315341841300	-0.3622048333336862	0.07643514089432292	1.994786292881556	2.619762725663177	0.1857666507577676	-0.008715807251086156	-0.008820876612557191	-0.002518542245474930	-0.002290130591837715	1.887315884007728	-3.814842000000000	887.6500000000000	3802270184.893092
0.9038387363492537	-0.4092046614699891	0.09273459528446126	1.968815892387844	2.697472981391136	0.1867342023966196	-0.008724943717281724	-0.008865645296868327	-0.002507578486103485	-0.002252671080607384	1.885586351300554	-3.814852000000000	888.2000000000000	3802270187.888557
1.051948091746312	-0.4451320035962695	0.1093830624336041	1.964948427862214	2.667789499875421	0.1866940018841032	-0.008715807251089938	-0.008861077063799801	-0.002502096606426903	-0.002286476005343048	1.885992923968927	-3.814855000000000	888.6500000000000	3802270190.892939
1.180618710620518	-0.4555265661355029	0.1240470891294360	1.960428618337723	2.663097008457973	0.1849032548280860	-0.008703016198416834	-0.008857422477319243	-0.002510319425936274	-0.002322108223277263	1.886639785641693	-3.814854000000000	889.0700000000000	3802270193.893107
1.292398753773260	-0.4421699598524640	0.1363118799236527	1.967274571646119	2.657315448165358	0.1865459911704860	-0.008664643040373196	-0.008845545071215049	-0.002504837546254856	-0.002314799050423605	1.887409075938575	-3.827289000000000	912.5800000000000	3802270196.891533
1.399301755756993	-0.4114293919232658	0.1472445740020256	1.946583219676166	2.675635901761336	0.1860197307986103	-0.008704843491650061	-0.008822703905767750	-0.002467378035068321	-0.002306576230891121	1.884718387190113	-3.827310000000000	913.0100000000000	3802270199.893549
1.502883656801048	-0.3630627478678894	0.1574116322274757	1.964322580022893	2.658411824442679	0.1855555983908953	-0.008689311499120495	-0.008846458717837472	-0.002515801305634364	-0.002227088975400184	1.884475357234512	-3.827330000000000	913.4800000000000	3802270202.891714
1.616278123065868	-0.2991942596687459	0.1677349239194537	1.966639586937365	2.665435944527079	0.1857584279205692	-0.008689311499111027	-0.008802603680093305	-0.002524024125175435	-0.002296526118131041	1.885017149567930	-3.827340000000000	914.0200000000000	3802270205.893512
1.751859583361695	-0.2192446785298685	0.1804355236718835	1.960289744434599	2.668408951943244	0.1858187285860841	-0.008726771010526850	-0.008893054695486444	-0.002534987884561666	-0.002307489877472139	1.884176594857784	-3.827343000000000	914.3500000000000	3802270208.893763
1.896600359553839	-0.1191592441502370	0.1930730817013981	1.955328644152489	2.668236272567428	0.1860361764506155	-0.008703016198417377	-0.008816308379394535	-0.002531333298100563	-0.002290130591823750	1.881252012618577	-3.839732000000000	953.0700000000000	3802270211.893699
2.035823638948935	0.002640819525270662	0.2042305323447783	1.964088686676068	2.662464763723483	0.1860708950061052	-0.008718548190945041	-0.008833667665155961	-0.002550519876994014	-0.002287389651942324	1.881141461400099	-3.839738000000000	955.1300000000000	3802270214.893396
2.156268754273114	0.1438321036258544	0.2127749540351997	1.955803740393155	2.666189703056211	0.1854560109244246	-0.008730425597013026	-0.008854681537469279	-0.002571533749130368	-0.002307489877496572	1.884274355023529	-3.839740000000000	956.0100000000000	3802270217.890186
2.218813349708249	0.2916564454319766	0.2156748678866399	1.964200151286264	2.672844709169689	0.1858918202824087	-0.008681088679531655	-0.008861077063775700	-0.002520369538694732	-0.002307489877504647	1.885726139205028	-3.839752000000000	956.6100000000000	3802270220.890702
2.221666668286396	0.4346576341449663	0.2116118820957003	1.962083232174778	2.660229983412884	0.1858616699672247	-0.008711239017985936	-0.008879349996216359	-0.002513974012419394	-0.002337640215773837	1.884354755911293	-3.839749000000000	957.0000000000000	3802270223.889113
2.198064433645287	0.5713436889949636	0.2044845260625905	1.959435484842552	2.663683569382803	0.1859749621323748	-0.008840976838030744	-0.008990814883846222	-0.002503923899646978	-0.002325762809779726	1.883547092463797	-3.158709000000000	577.1200000000000	3802270226.890461
2.168564610422429	0.7030585869638463	0.1962169392012787	1.961542354054492	2.669802263910732	0.1861576914016110	-0.008794380860406386	-0.008896709281977434	-0.002502096606426916	-0.002304748937641501	1.883563538100377	-1.284381000000000	51.53100000000000	3802270229.888938
2.136363134964794	0.8286995597272645	0.1877191133796636	1.950267956280677	2.672545945669732	0.1863166659290986	-0.008789812627319954	-0.008962491838606465	-0.002493873786873736	-0.002348603975133457	1.882739429013996	-0.005500000000000000	42.41000000000000	3802270232.891976
