2.210677325954606	0.5096606877071382	0.2074356041344247	1.734046221709575	2.336009561610664	0.1874888743498458	-0.008778848867861424	-0.008915895860976186	0.01206599857267932	-0.002291044238414160	0.9520299181727503	-0.002436000000000000	42.72900000000000	3802183772.071831
2.203982123110054	0.5419727024012363	0.2054886235263941	1.735709058074323	2.335769272491985	0.1858881657386670	-0.008776107928004147	-0.008910413981286003	0.01197828849873561	-0.002291957885040315	0.9524565909402359	-0.002396000000000000	42.72900000000000	3802183775.068528
2.194867583933456	0.5734542121750720	0.2034749467236143	1.735393850061091	2.338586959235545	0.1873682730190636	-0.008769712401659628	-0.008868386236786138	0.01202671176876006	-0.002289216945179867	0.9493565894378974	-0.002375000000000000	42.73000000000000	3802183778.068150
2.185789590697128	0.6048233430487030	0.2013964010195359	1.733766645951783	2.339807591409106	0.1845944423040693	-0.008758748642222994	-0.008770626048394993	0.01204133011441035	-0.002264548486562005	0.9477047171388979	-0.002365000000000000	42.73300000000000	3802183781.066575
2.182344229155149	0.6377493267527814	0.1997180324641103	1.737052118160887	2.334379615726390	0.1856506176392573	-0.008773366988145539	-0.008856508830669222	0.01199107955118123	-0.002365963260828339	0.9468796946369247	-0.002368000000000000	42.73600000000000	3802183784.068489
2.175483656444837	0.6689439504466207	0.1976924782486538	1.735922851288554	2.338555895286986	0.1867835392753183	-0.008726771010523601	-0.008829099432094407	0.01204041646779504	-0.002354085854844968	0.9495018591834632	-0.002374000000000000	42.75700000000000	3802183787.071629
2.166452259356130	0.6995273444891177	0.1953736435148850	1.736293791767501	2.337877969360921	0.1850247697891211	-0.008728598303765751	-0.008844631424674794	0.01202762541529849	-0.002261807546767079	0.9511016536498158	-0.1132440000000000	42.74700000000000	3802183790.072001
2.157528672641585	0.7295333138321216	0.1930283130291275	1.736471952809079	2.336653682702639	0.1862901701735234	-0.008731339243628700	-0.008860163417161074	0.01202214353569038	-0.002331244689481017	0.9518663755059713	-0.1267260000000000	43.20300000000000	3802183793.072552
2.155088322482365	0.7614195668294004	0.1914714594440473	1.737469654555605	2.335719021927096	0.1859676529508336	-0.008748698529409859	-0.008866558943474828	0.01199290684440551	-0.002301094351169937	0.9462940474291816	-0.1267430000000000	43.20100000000000	3802183796.070358
2.149509596162921	0.7908554204434928	0.1899283105537877	1.734138499998450	2.340114576701244	0.1856816816133906	-0.008758748642225695	-0.008858336123954431	0.01201117977654487	-0.002303835291017770	0.9444850279860282	-0.1267620000000000	43.19500000000000	3802183799.072425
2.141606552862704	0.8186311787076661	0.1881786775593214	1.734297474460243	2.335966620281489	0.1881174631310795	-0.008745043942936922	-0.008907673041430381	0.01215644958638974	-0.002270030366265712	0.9435138220937440	-0.1267840000000000	43.18700000000000	3802183802.067583
2.135771091909062	0.8459610774678548	0.1864281309159993	1.737272306996313	2.337389168398328	0.1866638515731725	-0.008810826499567291	-0.008887572815740515	0.01202579812215509	-0.002313885403794488	0.9465041860527009	-0.2369460000000000	43.30600000000000	3802183805.071056
2.125077771971502	0.8703563445209913	0.1840499091417118	1.735624088980662	2.339963824945081	0.1855884896965384	-0.008796208153653128	-0.008918636800818013	0.01204863928723347	-0.002287389651951205	0.9469235496511067	-0.2512820000000000	43.70100000000000	3802183808.071506
2.112136881493731	0.8927881858126602	0.1816369687973703	1.734509440391274	2.337885278639148	0.1851609031429330	-0.008739562063208871	-0.008940564319846033	0.01203493458820225	-0.002334899275922778	0.9470213097946042	-0.2513000000000000	43.70500000000000	3802183811.068753
2.102942855822548	0.9155681262290378	0.1795173089681105	1.736016956912422	2.335989461397313	0.1848977729222470	-0.008782503454345976	-0.008876609056315493	0.01214365853386490	-0.002305662584239173	0.9460564994237685	-0.2513220000000000	43.70600000000000	3802183814.073380
2.094976771231694	0.9380145857227397	0.1776361108670533	1.736028834231759	2.337194561525781	0.1866492332575685	-0.008818135672526135	-0.008939650673116247	0.01201117977646744	-0.002281907772277013	0.9450341293430262	-0.2513490000000000	43.73500000000000	3802183817.071270
2.087685871522373	0.9598196655428334	0.1757795812181647	1.737023795244945	2.336067121454440	0.1855437209938902	-0.008745043942922595	-0.008904932101501157	0.01189606030444377	-0.002285562358711783	0.9421287344783024	-0.3608110000000000	43.78200000000000	3802183820.068109
2.073017275811861	0.9772639120971348	0.1735365791044996	1.735878082627737	2.341796600435764	0.1867387705760570	-0.008713066311226177	-0.008808999206447555	0.01223045496118086	-0.002330331042866419	0.9394179462486952	-0.3766780000000000	44.26200000000000	3802183823.072728
2.056925218948440	0.9917963682517219	0.1711282069736700	1.739104167869023	2.339869719311420	0.1856250355327604	-0.008756007702366802	-0.008840976838146183	0.01198468402502034	-0.002401595478755573	0.9385472414325629	-0.3767040000000000	44.26100000000000	3802183826.069388
2.037049751981500	1.003089948685593	0.1682264657356484	1.737241242977211	2.338407884527829	0.1865642641106236	-0.008701188905161729	-0.008900363868531803	0.01196001556673356	-0.002333071982667507	0.9400346574202267	-0.3767340000000000	44.25900000000000	3802183829.068585
2.014256098331039	1.011079784527463	0.1651630090629660	1.734806375432554	2.337041982553667	0.1850485245990497	-0.008768798755044776	-0.008841890484699657	0.01204224376100790	-0.002278253185818885	0.9427554957595037	-0.3767620000000000	44.26300000000000	3802183832.073197
1.989361971787305	1.016530597634159	0.1618355085472554	1.735351822384444	2.339846878231013	0.1860096807125472	-0.008706670784889495	-0.008903104808393410	0.01200204331046298	-0.002346776681905064	0.9430770992178291	-0.4845210000000000	44.29900000000000	3802183835.067849
1.961553313423643	1.018976428456175	0.1584522755866713	1.738081797607028	2.343059260374687	0.1857703053315491	-0.008719461837571524	-0.008842804131362340	0.01198833861145059	-0.002343122095460621	0.9433064244089865	-0.5012460000000000	44.84600000000000	3802183838.071545
1.930802714026948	1.017458862152368	0.1546789155643981	1.741165354091701	2.335383713575683	0.1875674479383032	-0.008723116424039860	-0.008851026950945766	0.01187230549276069	-0.002381495253286479	0.9370927167085985	-0.5012740000000000	44.84800000000000	3802183841.068216
1.898173658219320	1.013545715566036	0.1507484083330817	1.737508941340514	2.335353563247510	0.1859119205351592	-0.008736821123340521	-0.008887572815779456	0.01202762541534863	-0.002335812922538442	0.9329493312566793	-0.5013130000000000	44.84700000000000	3802183844.071147
1.864130278505002	1.006945535564350	0.1469458116003733	1.731720078118295	2.341425659809650	0.1873984233300337	-0.008757834995599480	-0.008903104808307111	0.01209797620380326	-0.002232570855068170	0.9317908278971460	-0.5013240000000000	44.84300000000000	3802183847.072822
1.820298092037723	0.9919562563332407	0.1421190171250074	1.736166794753289	2.340559522744249	0.1853427187916761	-0.008695707025447450	-0.008883004582677403	0.01205412116685331	-0.002329417396242419	0.9323362746679444	-0.6099820000000000	44.86000000000000	3802183850.068935
1.788633849171528	0.9840449940547161	0.1385850324406171	1.735041182581136	2.336249850718602	0.1878388009293523	-0.008713979957851040	-0.008846458717860472	0.01221949120184209	-0.002315712697003536	0.9337003484241041	-0.6267480000000000	45.47400000000000	3802183853.069961
1.758764008395570	0.9765202041060991	0.1352758047873326	1.736776197015541	2.341288612682334	0.1859438981782373	-0.008761489582092961	-0.008881177289397111	0.01202762541539290	-0.002323935516517185	0.9371320034944713	-0.6267700000000000	45.47500000000000	3802183856.072837
1.729053142607231	0.9667432763141360	0.1322525484838440	1.740398804821422	2.332366851963226	0.1862408332552796	-0.008728598303762512	-0.008886659169152704	0.01202122988909467	-0.002390631719408574	0.9409720584064650	-0.6267930000000000	45.47700000000000	3802183859.073493
1.691645720621228	0.9502985586688156	0.1284444698172761	1.735342685868406	2.339207325456287	0.1859301934897505	-0.008750525822637403	-0.008872040823199621	0.01200387060369097	-0.002333985629300395	0.9450103745422800	-0.6268180000000000	45.47600000000000	3802183862.072233
1.653657220314204	0.9316994632926829	0.1244947759291890	1.734164995733893	2.338335706699822	0.1864601084235482	-0.008721289130808798	-0.008860163417138918	0.01202671176873860	-0.002301094351191961	0.9418884455304944	-0.7349070000000000	45.48000000000000	3802183865.073891
1.615651361427634	0.9121931172140001	0.1208484126738140	1.735477905450412	2.340708447224557	0.1859155751281458	-0.008762403228703492	-0.008872040823201236	0.01200021601727263	-0.002298353411319685	0.9370643936751331	-0.7510140000000000	46.15000000000000	3802183868.073501
1.582930946931040	0.8939384663671307	0.1176661818412732	1.738296504586097	2.332735965229216	0.1861595187185946	-0.008734993830101356	-0.008901277515030108	0.01202122988908143	-0.002356826794683670	0.9338638910886697	-0.7510289999999999	46.14700000000000	3802183871.069030
1.557008061147663	0.8793767733801852	0.1149873702352566	1.729633309831788	2.343165243290149	0.1859466391102071	-0.008757834995593806	-0.008849199657746590	0.01210528537667757	-0.002237139088147622	0.9347081001648863	-0.7510559999999999	46.15100000000000	3802183874.072711
1.538732394855726	0.8694353891611953	0.1133090015697799	1.735373749802505	2.339462232827779	0.1865167545185278	-0.008774280634766603	-0.008893054695485040	0.01208975338435846	-0.002252671080614100	0.9373896517174638	-0.7510780000000000	46.15000000000000	3802183877.070841
1.530184320422813	0.8648205622380156	0.1123560682431436	1.736463729964941	2.338198659532175	0.1857173138205528	-0.008724943717284168	-0.008856508830688191	0.01201392071630466	-0.002296526118107137	0.9416646022156641	-0.8592060000000000	46.15000000000000	3802183880.071823
1.527225933830692	0.8630480886217604	0.1120107098563885	1.737413922060836	2.337143397117161	0.1860891679536241	-0.008720375484186374	-0.008859249770514332	0.01201300706967980	-0.002339467508987985	0.9421296481237507	-0.8767270000000000	46.88300000000000	3802183883.069594
1.532318598089082	0.8660064749975352	0.1125232655578392	1.734169563986518	2.338128308609257	0.1861650006014549	-0.008719461837566117	-0.008854681537473316	0.01204863928720221	-0.002289216945192206	0.9414636000528299	-0.8767480000000000	46.88200000000000	3802183886.070261
1.541162693918544	0.8708771228539132	0.1134085890409251	1.737936527856708	2.340315579061626	0.1861092681595115	-0.008738648416580235	-0.008838235898292449	0.01191433323661602	-0.002418954764462522	0.9390926882075212	-0.8767710000000000	46.88600000000000	3802183889.070292
1.560743047103781	0.8814671958666055	0.1153647062500040	1.731091489337927	2.339493296960935	0.1860626721911029	-0.008762403228698895	-0.008898536575145544	0.01208883973772139	-0.002240793674620800	0.9400392256517704	-0.8767910000000000	46.88500000000000	3802183892.068911
1.589373066871334	0.8976962931438087	0.1182317290382942	1.731357360587089	2.341573670986673	0.1864591947832615	-0.008754180409129788	-0.008832754018551121	0.01208518515138178	-0.002238052734765445	0.9413694944986727	-0.9836930000000000	46.88400000000000	3802183895.074429
1.622563095649577	0.9158257744548197	0.1213143723990167	1.742876613603185	2.325350958133757	0.1866830381558934	-0.008739562063203192	-0.008844631424651774	0.01218294533769699	-0.002451846042619314	0.9393877959243671	-1.001023000000000	47.67100000000000	3802183898.069554
1.657262468653608	0.9336839028073052	0.1248785074666722	1.734761606903124	2.340660023763855	0.1861065272295951	-0.008720375484185834	-0.008890313755637794	0.01196001556672456	-0.002352258561594560	0.9392251669028044	-1.001042000000000	47.67100000000000	3802183901.070826
1.695616427568964	0.9525662284959407	0.1286792769713741	1.732587128433637	2.345870551567004	0.1858004556639126	-0.008735907476720529	-0.008873868116449050	0.01203128000182235	-0.002282821418861260	0.9423754189485342	-1.001065000000000	47.67200000000000	3802183904.075060
1.731109760531827	0.9683649982874538	0.1323877681672822	1.737571982944147	2.336378674825089	0.1861723097847469	-0.008747784882794188	-0.008946959846054774	0.01195362004050323	-0.002429918523820808	0.9386093693746220	-1.001083000000000	47.67400000000000	3802183907.074309
1.760199346830732	0.9782168450649460	0.1353068687688099	1.733501688553140	2.338513867960515	0.1860325218471458	-0.008730425597012495	-0.008899450221823665	0.01204681199404048	-0.002297439764722541	0.9376153223244337	-1.108316000000000	47.67100000000000	3802183910.073318
1.786188017812023	0.9847009920126868	0.1382031282006279	1.733196530782406	2.340052448257298	0.1864244762000575	-0.008735907476730261	-0.008820876612503649	0.01206508492608548	-0.002344035742054799	0.9350178262221653	-1.126535000000000	48.53600000000000	3802183913.074795
1.813231950813447	0.9903811303181171	0.1411788748716565	1.734780793202797	2.338383216092500	0.1856652360089320	-0.008705757138263289	-0.008859249770530856	0.01198011579201690	-0.002318453636862651	0.9306204471293602	-1.126557000000000	48.53500000000000	3802183916.074250
1.855797823154602	1.005131034251288	0.1459353185695946	1.740227952832708	2.328145803955993	0.1865414229480576	-0.008773366988145804	-0.008916809507603752	0.01205320752024248	-0.002381495253293984	0.9296629459290947	-1.126580000000000	48.53800000000000	3802183919.074216
1.889310374099291	1.013421459685601	0.1496931466269452	1.733894556503625	2.341713458507168	0.1858105057883448	-0.008746871236171497	-0.008825444845656645	0.01203584823483611	-0.002201506870198352	0.9278237761574994	-1.126599000000000	48.53600000000000	3802183922.074184
1.919383960550970	1.017733869652345	0.1533733147213605	1.733826946418718	2.337874314924410	0.1864162534006263	-0.008757834995605703	-0.008892141048857809	0.01205960304648476	-0.002294698824884381	0.9257169080528900	-1.232955000000000	48.53700000000000	3802183925.073845
1.948549383069768	1.019611412550735	0.1567474112293895	1.735984979244762	2.336129249392658	0.1865268046090938	-0.008699361611933361	-0.008844631424626905	0.01201026612984895	-0.002270030366267597	0.9212135459994290	-1.250849000000000	49.47100000000000	3802183928.075149
1.977490962803796	1.020485771944250	0.1602101314387723	1.738693940658736	2.334462757915241	0.1852623179066242	-0.008687484205864023	-0.008844631424611817	0.01209158067747087	-0.002342208448837977	0.9140706601081275	-1.250866000000000	49.47000000000000	3802183931.073395
1.998139373777571	1.015268852260424	0.1628030601805521	1.729361043192211	2.341077560375235	0.1864317853802672	-0.008718548190946664	-0.008881177289393844	0.01215462229319833	-0.002277339539197048	0.9103027832354663	-1.250886000000000	49.47100000000000	3802183934.074357
2.018034026704643	1.009479076420837	0.1657331244718069	1.731660691104159	2.341124156370171	0.1849516781054939	-0.008744130296305580	-0.008862904356993207	0.01203767552801585	-0.002287389651918686	0.9063494361779918	-1.250905000000000	49.47100000000000	3802183937.069473
2.037890306789305	1.002653225811566	0.1684393453671346	1.729358302283612	2.340600636817070	0.1871919392357297	-0.008704843491647619	-0.008863818003633240	0.01209614891058774	-0.002270030366290699	0.9058999222541356	-1.356525000000000	49.75700000000000	3802183940.070783
2.050404523502819	0.9917388085423484	0.1702766884498998	1.727877281510913	2.342010393767384	0.1869443410405339	-0.008734080183491096	-0.008851026950931725	0.01214091759419200	-0.002228916268593385	0.9059081450686821	-1.376369000000000	50.50500000000000	3802183943.070064
2.059051274476051	0.9785950945837565	0.1718664333329500	1.732383385470148	2.339059314435590	0.1870338784087751	-0.008777021574617922	-0.008935082439953265	0.01202122988916175	-0.002298353411325320	0.9030466052055441	-1.376389000000000	50.50600000000000	3802183946.068821
2.071577368824291	0.9670493477853737	0.1738499598480772	1.735051232669854	2.337842337223146	0.1856414811929255	-0.008827272138727648	-0.009010001462863874	0.01203676188137534	-0.002309317170716104	0.9028346392912744	-1.376412000000000	50.50400000000000	3802183949.074171
2.082658074413387	0.9548220209229817	0.1753803177059668	1.731123467141554	2.338822679884629	0.1855163116029230	-0.008731339243625447	-0.008899450221796905	0.01209614891058139	-0.002317539990242679	0.9045340212034462	-1.376433000000000	50.50700000000000	3802183952.073998
2.090303468965851	0.9410570275183953	0.1768019516306101	1.734203369023336	2.334013243386343	0.1864747267539762	-0.008751439469273066	-0.008936909733298725	0.01208153056489985	-0.002285562358726029	0.9065093242629148	-1.479754000000000	50.71300000000000	3802183955.069216
2.085718790438311	0.9223775312590702	0.1770020402096944	1.738070833754048	2.336122853792553	0.1861101818215189	-0.008776107928009017	-0.008871127176582316	0.01199199319778938	-0.002306576230854586	0.9069570108917797	-1.501121000000000	51.63600000000000	3802183958.070583
2.085476674097438	0.9063000993040718	0.1778361994461179	1.740662848610651	2.335736381230846	0.1862326104506897	-0.008705757138268964	-0.008884831875879767	0.01181840034317607	-0.002282821418900778	0.9045404167208668	-1.501135000000000	51.63700000000000	3802183961.075159
2.100058473546966	0.8974313357507009	0.1800618422692581	1.735334463009467	2.335439446168347	0.1865980690421875	-0.008724943717286871	-0.008838235898272146	0.01216284511252096	-0.002315712696997620	0.9074503798336419	-1.501152000000000	51.63500000000000	3802183964.074995
2.107998976057861	0.8858673159228618	0.1815209356947128	1.735767531431572	2.338409711739494	0.1862316967921926	-0.008747784882794188	-0.008902191161695281	0.01201117977647542	-0.002276425892587804	0.9105741361481064	-1.501162000000000	51.63700000000000	3802183967.073598
2.112381738778527	0.8727638022414981	0.1823934680802939	1.737686188764770	2.337655953225834	0.1863705710668515	-0.008725857363900637	-0.008805344619945433	0.01210345808337778	-0.002359567734513767	0.9140779692782736	-1.605320000000000	51.78500000000000	3802183970.071043
2.123830644350560	0.8639827486778936	0.1841412737894310	1.737250379471949	2.338960640828746	0.1852824181127868	-0.008729511950385202	-0.008864731650256721	0.01181657304995256	-0.002267289426430785	0.9184881394272223	-1.626488000000000	52.89200000000000	3802183973.071745
2.130893132636186	0.8541510019755266	0.1852970365804537	1.742955187170059	2.335790287046269	0.1857849236630804	-0.008761489582084577	-0.008935996086697661	0.01169779899153998	-0.002288303298568220	0.9221281058338356	-1.626509000000000	52.89300000000000	3802183976.070782
2.131205599775951	0.8423768434407034	0.1860105944775699	1.739843306462494	2.335883475868007	0.1865048772091287	-0.008731339243627061	-0.008890313755601557	0.01185585985391666	-0.002333985629322670	0.9258347684089718	-1.626528000000000	52.89500000000000	3802183979.074426
2.132374153794105	0.8315784590218011	0.1864692450074933	1.739790316390755	2.333898124046423	0.1859786167028428	-0.008763316875331320	-0.008882090936059019	0.01194265628118222	-0.002342208448846820	0.9307748533360942	-1.626547000000000	52.89600000000000	3802183982.075179
2.136099091043220	0.8230769811293979	0.1874815653004180	1.736841066001708	2.335544515664268	0.1862061146788034	-0.008776107928009560	-0.008872040823233977	0.01198925225801951	-0.002356826794661625	0.9357816344316677	-1.730467000000000	52.98800000000000	3802183985.074476
2.141749081736016	0.8170487434921900	0.1881795912059435	1.739554595594493	2.335986720272488	0.1858205558951615	-0.008715807251086430	-0.008816308379424528	0.01190976500348535	-0.002348603975139104	0.9394179462474224	-1.751382000000000	54.29200000000000	3802183988.070389
2.147269334632603	0.8117349771778311	0.1889004582728933	1.735570183789816	2.339835000834946	0.1861695688485251	-0.008744130296304768	-0.008810826499734860	0.01197554755901901	-0.002302921644415509	0.9409747993463641	-1.751396000000000	54.29500000000000	3802183991.075959
2.148696450663693	0.8062923867426002	0.1891480564667370	1.737122469089640	2.337891673970070	0.1861997191650789	-0.008785244394222699	-0.008829099432134080	0.01210893996303017	-0.002354999501427875	0.9402338322907459	-1.751412000000000	54.29400000000000	3802183994.074399
2.147336944482737	0.8007876683595624	0.1890713101632422	1.730673953016228	2.340197718571759	0.1853692145234822	-0.008755094055750054	-0.008895795635346692	0.01205320752026712	-0.002238052734768400	0.9425142931669880	-1.751430000000000	54.29500000000000	3802183997.071966
2.154621449055027	0.8004998698049524	0.1898707508261288	1.735349994978458	2.339428427837411	0.1862280422139030	-0.008717634544328841	-0.008863818003600787	0.01200295695705045	-0.002255412020431579	0.9392397852424086	-1.855985000000000	54.34200000000000	3802184000.076334
2.154150921039561	0.7981152532082650	0.1900644438782350	1.735064937440932	2.338003138982160	0.1865350274270723	-0.008713066311228075	-0.008849199657697180	0.01204498470078360	-0.002275512245964335	0.9387464163024537	-1.876729000000000	55.86200000000000	3802184003.070790
2.149611010936826	0.7958548924946209	0.1896898488247618	1.739157159438207	2.332231631944476	0.1863203205203515	-0.008759662288849741	-0.008810826499679486	0.01203493458814420	-0.002382408899888447	0.9397770091993914	-1.876747000000000	55.86400000000000	3802184006.070742
2.146727542183377	0.7961362955261259	0.1893106855388927	1.734714097260899	2.337845991765886	0.1861046999308912	-0.008729511950384109	-0.008832754018501377	0.01205320752023717	-0.002299267057942876	0.9401735316407283	-1.876766000000000	55.86500000000000	3802184009.071981
2.146102607892327	0.7990645316160982	0.1892156663058399	1.732263697720590	2.340661850972213	0.1855245344330479	-0.008751439469269293	-0.008923205033964985	0.01203128000179399	-0.002259980253528750	0.9407317694615542	-1.876791000000000	55.86600000000000	3802184012.075094
2.139695204132464	0.8018228295099411	0.1886565146647328	1.735111533393310	2.337519819641589	0.1860169898782215	-0.008719461837571793	-0.008858336123910626	0.01202031624256657	-0.002300180704565800	0.9427344818988339	-1.978220000000000	55.87700000000000	3802184015.071639
2.135902657020153	0.8070698996623397	0.1879338203046962	1.736921466800083	2.337283185137805	0.1856962999586915	-0.008742303003068028	-0.008791639920632645	0.01205594846002958	-0.002325762809776765	0.9469628364375861	-2.001699000000000	57.63100000000000	3802184018.072201
2.136136550554026	0.8155604138281586	0.1877218543228975	1.735096915028023	2.339641307566498	0.1862572788996619	-0.008704843491644649	-0.008861077063810886	0.01205868939985274	-0.002302007997780501	0.9473986456669118	-2.001714000000000	57.63500000000000	3802184021.071438
2.136126500441915	0.8251491307124580	0.1871572208022534	1.741165354056087	2.336057071239455	0.1857182274880205	-0.008692966085595317	-0.008789812627396695	0.01186134173352186	-0.002333985629314895	0.9508814649194993	-2.001720000000000	57.63700000000000	3802184024.074685
2.132781640183725	0.8356725076392018	0.1864756405328396	1.734408025582100	2.338267183269625	0.1863404207188865	-0.008739562063203470	-0.008891227402218354	0.01208335785816441	-0.002270030366293391	0.9512387005771378	-2.001730000000000	57.63500000000000	3802184027.074910
2.130473768839869	0.8481401236515030	0.1856168128468813	1.732147664557204	2.339914487814975	0.1862764654932497	-0.008702102551793871	-0.008842804131343968	0.01197920214541851	-0.002224348035556659	0.9524785184477589	-2.104783000000000	57.63800000000000	3802184030.076201
2.125022953168572	0.8609658889438633	0.1844254178431817	1.736465557414295	2.336256246280455	0.1859566892077514	-0.008702102551788739	-0.008794380860548037	0.01201209342308887	-0.002308403524096678	0.9514899532792506	-2.126699000000000	59.64300000000000	3802184033.075998
2.115438800298598	0.8727866433961037	0.1827059351754292	1.739191877788347	2.336436234868280	0.1859100932491444	-0.008721289130807174	-0.008821790259159318	0.01196184285988627	-0.002280994125654625	0.9490194539972262	-2.126713000000000	59.64200000000000	3802184036.074111
2.113224120939116	0.8893711490628646	0.1818672077096359	1.735339944914992	2.337928219780378	0.1864436627851316	-0.008725857363901999	-0.008823617552351257	0.01207239409889562	-0.002320280930082716	0.9505918390794786	-2.126722000000000	59.64300000000000	3802184039.075243
2.106140618891478	0.9048620202033858	0.1802546216762297	1.733231249191243	2.339115047191789	0.1860179035386066	-0.008713979957841312	-0.008839149544900737	0.01204589834741297	-0.002258152960301171	0.9547708567238252	-2.126739000000000	59.64200000000000	3802184042.070398
2.097764306960851	0.9210965993060373	0.1785205206594182	1.737230279216056	2.336447198391276	0.1860316082183041	-0.008846458717746369	-0.008970714658187726	0.01203767552797346	-0.002365049614187394	0.9571901918146973	-2.228579000000000	59.64600000000000	3802184045.076113
2.090890943722178	0.9386623608687757	0.1769609261179268	1.729041266961651	2.345112224744620	0.1851919671184481	-0.008830926725205992	-0.008966146425118627	0.01208427150482796	-0.002227088975385965	0.9555565924402949	-2.251697000000000	61.94900000000000	3802184048.071177
2.079980176308122	0.9561458942415931	0.1750687642554330	1.734503958332091	2.340452626180477	0.1861129227593079	-0.008727684657141979	-0.008850113304368227	0.01209980349701296	-0.002276425892580818	0.9529828511414195	-2.251706000000000	61.95000000000000	3802184051.074491
2.068201444771198	0.9737034329277537	0.1730523464687452	1.733255917606467	2.340300960717812	0.1861293683912018	-0.008704843491646266	-0.008807171913258376	0.01211533548927907	-0.002316626343620553	0.9524639001103198	-2.251718000000000	61.95400000000000	3802184054.072787
2.051691851499592	0.9893139915789506	0.1704511949283201	1.732918782128658	2.341665948980960	0.1854377380084443	-0.008870213529875307	-0.008960664545362729	0.01198925225806561	-0.002224348035542684	0.9534497243405821	-2.251728000000000	61.95100000000000	3802184057.076221
2.028988648601117	1.002069405902505	0.1670643074041463	1.736864820677547	2.336632668603837	0.1859850122555428	-0.008727684657151426	-0.008828185785412777	0.01199290684443255	-0.002299267057941799	0.9563825285894664	-2.353532000000000	61.95600000000000	3802184060.075333
1.999231181378435	1.011360273904562	0.1630396946214933	1.736174103920037	2.336783420677964	0.1858598426915495	-0.008742303003069378	-0.008821790259090414	0.01204224376097052	-0.002290130591835571	0.9563679102517744	-2.377312000000000	64.64500000000000	3802184063.076301
1.963841084247483	1.017232277899891	0.1585820133885261	1.734169563964673	2.340018643853945	0.1860014578783913	-0.008827272138721717	-0.008943305259610511	0.01210528537662669	-0.002284648712075970	0.9563103505403531	-2.377335000000000	64.64200000000000	3802184066.070671
1.916513283460251	1.015623346977961	0.1527566033344263	1.735913714922924	2.339579179472872	0.1859576028668909	-0.008767885108431810	-0.008860163417165730	0.01208518515130889	-0.002306576230848406	0.9650603400314982	-2.377350000000000	64.64900000000000	3802184069.071294
1.849425139535351	1.000558235119825	0.1452372926398465	1.734224382233441	2.338017757926412	0.1857191411642349	-0.008754180409120875	-0.008904932101566362	0.01201848894931683	-0.002264548486594240	0.9780533023855391	-2.377374000000000	64.64600000000000	3802184072.071832
1.774362692929210	0.9792848974495963	0.1369633098875610	1.737256775016950	2.337726303944937	0.1864464037204404	-0.008896709281862590	-0.009057511087154130	0.01198925225800279	-0.002267289426424890	0.9844725804551828	-2.476582000000000	64.64900000000000	3802184075.072917
1.673889918293070	0.9385837872803618	0.1266135221955264	1.735947519743618	2.336628100566918	0.1863833621193393	-0.008734080183493802	-0.008862904357050026	0.01209249432415009	-0.002328503749627822	0.9913121357674655	-2.501965000000000	67.79300000000001	3802184078.072078
1.516177210158983	0.8553259509075957	0.1111500548181067	1.746958785617888	2.331907287289416	0.1855665621853806	-0.008699361611923360	-0.008777935221367680	0.01154522000870335	-0.002321194576678517	0.9965847878738013	-2.501978000000000	67.78900000000000	3802184081.075756
1.325981647419425	0.7455732867331551	0.09327273309701375	1.737206524468601	2.333587484034541	0.1852440449453227	-0.008716720897707225	-0.008856508830699014	0.01197097932594349	-0.002247189200900161	1.004463158885201	-2.501979000000000	67.79200000000000	3802184084.076329
1.152003312211221	0.6413189425291775	0.07735792391528602	1.735239443880154	2.340629873428512	0.1856305174015334	-0.008723116424042021	-0.008841890484723197	0.01196001556671841	-0.002187802170970734	1.009111790648535	-2.501994000000000	67.79100000000000	3802184087.072123
0.9956026181643753	0.5445592348143803	0.06292139465843460	1.740033346318393	2.335798509344713	0.1871828027977651	-0.008735907476727024	-0.008799862740209290	0.01194905180743615	-0.002257239313660513	1.015804248914590	-2.602093000000000	68.73600000000000	3802184090.076370
0.7953341137067998	0.4092080153211300	0.04451598449751910	1.738901338437398	2.335255803158479	0.1866940019265450	-0.008771539694905826	-0.008826358492211953	0.01206873951248446	-0.002264548486616549	1.024553324728404	-2.627171000000000	71.56000000000000	3802184093.074545
0.6166331342841780	0.2850717960838673	0.02860939748786053	1.736184154261906	2.337569156777450	0.1855016932841468	-0.008753266762506838	-0.008834581311791935	0.01201848894933380	-0.002264548486568713	1.028578849793368	-2.627181000000000	71.56000000000000	3802184096.077023
0.4874271046326808	0.1934577265931770	0.01789049564718303	1.744662792333500	2.331882619204722	0.1864482310384859	-0.008778848867872512	-0.008848286011110415	0.01207330774551598	-0.002285562358759323	1.034618964682762	-2.627195000000000	71.56100000000001	3802184099.077005
0.3718691165177299	0.1083753101809357	0.008414153092614340	1.737057600101585	2.340376793248216	0.1883102425242245	-0.008723116424056080	-0.008832754018615755	0.01201117977649742	-0.002342208448841720	1.041100370675409	-2.627207000000000	71.56300000000000	3802184102.076294
0.3087516837937362	0.06265917806291192	0.003597408176774346	1.737836026749651	2.337658694055935	0.1853472870274129	-0.008872954469736625	-0.008986246650698681	0.01203402094155777	-0.002258152960287193	1.045976500331318	-2.726573000000000	72.20800000000000	3802184105.076004
0.2706297874218526	0.03525160816749235	0.0007742401492561344	1.740859282617042	2.339308740158767	0.1853363232766579	-0.008817222025908039	-0.008919550447455901	0.01208153056492900	-0.002324849163159221	1.050976885867080	-2.751845000000000	76.12500000000000	3802184108.072882
0.2465414993669698	0.01780004462983348	-0.0006693214988673300	1.740153033923454	2.340249796271461	0.1841166052256174	-0.008738648416582133	-0.008843717778032950	0.01204407105421626	-0.002224348035549648	1.056946649998037	-2.751859000000000	76.13000000000000	3802184111.075555
0.2284184085734238	0.004998942072184966	-0.001741942623452786	1.743747318724670	2.335799422959937	0.1849617281992779	-0.008695707025450422	-0.008797121800357955	0.01198468402494957	-0.002322108223332332	1.064706246992438	-2.751875000000000	76.13000000000000	3802184114.072298
0.2153578325635749	-0.003545481042802685	-0.002331244689673446	1.738393351060217	2.340118231292908	0.1849891376335845	-0.008719461837566920	-0.008800776386879811	0.01212173101548239	-0.002298353411335263	1.073896613902456	-2.751883000000000	76.12900000000000	3802184117.071855
0.2060340704611180	-0.009528039097432505	-0.002841973147562308	1.741654154866358	2.339927279062420	0.1857684780575684	-0.008692052438964515	-0.008808999206515187	0.01204224376103148	-0.002355913148047310	1.082932574608792	-2.849912000000000	76.51400000000000	3802184120.073539
0.1997399599771870	-0.01355996164097526	-0.003137081004042312	1.740896742055277	2.336954272487295	0.1864537128718537	-0.008705757138267886	-0.008802603680052807	0.01203402094156998	-0.002316626343603900	1.091726419079032	-2.877139000000000	81.81900000000000	3802184123.075679
0.1945257795904471	-0.01605878515992379	-0.003264077883985987	1.743909947751939	2.338667360017328	0.1852166355880648	-0.008725857363909566	-0.008840063191500208	0.01204498470080850	-0.002287389651955235	1.098349440229690	-2.877151000000000	81.82200000000000	3802184126.073740
0.1903878747276296	-0.01816474063489745	-0.003348133372721338	1.745184484462161	2.339239303076172	0.1855884896839655	-0.008731339243623824	-0.008828185785457087	0.01204498470078997	-0.002264548486578401	1.105322387868527	-2.877171000000000	81.82599999999999	3802184129.074306
0.1871627026800734	-0.01994269697377896	-0.003641413935898020	1.736183240567776	2.333272275835577	0.1848694499046705	-0.008724030070674184	-0.008834581311796263	0.01205320752022314	-0.002323935516543014	1.113894216322128	-2.877182000000000	81.82800000000000	3802184132.077449
0.1847689489167598	-0.02121814766887795	-0.003845157131433482	1.743775641694848	2.338659137368866	0.1857511187684166	-0.008764230521944283	-0.008863818003634817	0.01199107955116477	-0.002330331042831240	1.122068608690656	-2.976191000000000	81.99600000000000	3802184135.076341
0.1829745472382459	-0.02254202163690470	-0.003873480176486769	1.742080827766509	2.337296889971532	0.1858580153956846	-0.008720375484185295	-0.008787071687580299	0.01206691221925409	-0.002320280930099110	1.128358148993027	-3.001999000000000	89.07700000000000	3802184138.073841
0.1818736032336080	-0.02343922262922419	-0.003711764725428855	1.743612099055927	2.338749588413664	0.1868374444421537	-0.008779762514485734	-0.008851026951008506	0.01209249432417366	-0.002344035742020148	1.134556324679820	-3.002005000000000	89.07700000000000	3802184141.076970
0.1806228212055996	-0.02403035200031670	-0.003715419312060929	1.743427542664667	2.338394179728171	0.1859749621685817	-0.008752353115884411	-0.008832754018586016	0.01200661154350433	-0.002323935516531721	1.140352496049122	-3.002018000000000	89.01700000000000	3802184144.073267
0.1797649071629081	-0.02440677441301448	-0.003780288222055160	1.741304228161449	2.339492383039062	0.1853683008177541	-0.008732252890245706	-0.008914982214366245	0.01207970327175721	-0.002259066606902866	1.148013419275830	-3.002028000000000	89.01300000000001	3802184147.072210
0.1789079067655092	-0.02446890238407111	-0.003730037657700203	1.743891674857990	2.339781095689100	0.1855354981943748	-0.008798949093506347	-0.008910413981309796	0.01205868939986070	-0.002322108223316761	1.151679881400682	-3.100293000000000	89.07299999999999	3802184150.076920
0.1783012455030361	-0.02463609971792887	-0.003772065401945449	1.745667803334226	2.339350768019619	0.1861430730818943	-0.008868386236631262	-0.008953355372425203	0.01202579812213574	-0.002293785178251782	1.158134791674120	-3.127283000000000	98.66300000000000	3802184153.072505
0.1782363766032503	-0.02486542502283336	-0.003783029161544806	1.744341188876259	2.342332911131883	0.1860992180615532	-0.008798035446883377	-0.008961578192019830	0.01211076725622316	-0.002301094351163214	1.163507944870417	-3.127295000000000	98.70300000000000	3802184156.073297
0.1788329877543673	-0.02445976591775691	-0.003688923559923164	1.749809362353466	2.339769218115149	0.1848539179267522	-0.008731339243623834	-0.008809912853089220	0.01201209342308490	-0.002286476005350295	1.164249825569637	-3.127299000000000	98.70500000000000	3802184159.077204
0.1793629027120799	-0.02447072967734461	-0.003702628259199428	1.745409241401795	2.342482749199164	0.1853874874431154	-0.008712152664611060	-0.008801690033509588	0.01212264466205424	-0.002280994125675840	1.169085754813227	-3.127310000000000	98.69300000000000	3802184162.077359
0.1800179872368947	-0.02444149298505704	-0.003776633635460905	1.747095832639358	2.338950590910900	0.1855811804917384	-0.008726771010529551	-0.008893054695555954	0.01206873951250276	-0.002269116719650850	1.173283959023184	-3.189662000000000	98.72900000000000	3802184165.073239
0.1810430985856316	-0.02407055245218010	-0.003749224236438018	1.745856014507708	2.344281719780197	0.1845999241936805	-0.008747784882792839	-0.008830013078677123	0.01218842721744929	-0.002311144463930263	1.173289440900489	-3.189678000000000	104.7800000000000	3802184168.072507
0.1817858931712000	-0.02346206379499560	-0.003738260477208668	1.748325600638942	2.342490058563938	0.1858296923664013	-0.008709411724746766	-0.008833667665170287	0.01210985360963645	-0.002253584727212317	1.175778213102712	-3.189685000000000	104.7900000000000	3802184171.073205
0.1831919950994630	-0.02263338630000366	-0.003656945928673421	1.748056988622214	2.342440721408339	0.1855501165313343	-0.008740475709830485	-0.008858336123966248	0.01208153056493774	-0.002311144463927849	1.179074648532459	-3.189700000000000	104.7800000000000	3802184174.077254
0.1854349971968381	-0.02133966267069239	-0.003765669875623781	1.748507416202156	2.340728547349177	0.1854167241548824	-0.008734080183476760	-0.008830013078706249	0.01210619902318315	-0.002233484501687334	1.180792303356888	-3.189705000000000	104.7400000000000	3802184177.072791
0.1877949460394820	-0.02002949340357638	-0.003635932056330114	1.747480477682405	2.342245201147254	0.1862865155596444	-0.008675606799824697	-0.008864731650281392	0.01212355830866238	-0.002317539990252348	1.182695428357987	-3.252181000000000	104.7500000000000	3802184180.074687
0.1908675391250923	-0.01828991022286438	-0.003204690853858425	1.748059729616473	2.342522036075492	0.1866318739622866	-0.008675606799811735	-0.008805344619970621	0.01208701244454669	-0.002307489877483688	1.184575712204187	-3.252199000000000	112.0400000000000	3802184183.073696
0.1945933894290866	-0.01628080129011125	-0.003349047019258540	1.749826721640859	2.339269453274681	0.1858607563223774	-0.008709411724753525	-0.008775194281529548	0.01209614891056732	-0.002304748937645783	1.187318478048975	-3.252218000000000	112.0500000000000	3802184186.074565
0.1996129631186036	-0.01389801089188901	-0.003189158861271752	1.740558693063433	2.340140158669437	0.1855172252555300	-0.008664643040370488	-0.008814481086167288	0.01212173101546144	-0.002317539990224674	1.188219333187110	-3.252235000000000	112.0600000000000	3802184189.079248
0.2061702037838720	-0.009922734437689922	-0.002795377169946910	1.750432469088027	2.339242957659155	0.1861412457880114	-0.008677434093047378	-0.008834581311769759	0.01208518515135846	-0.002330331042861333	1.187859356590386	-3.252245000000000	112.0600000000000	3802184192.073491
0.2156355810857684	-0.003817747734469349	-0.002163133712765573	1.744298247439806	2.339669630722907	0.1859493800539265	-0.008741389356445608	-0.008827272138833303	0.01206873951247890	-0.002300180704569567	1.189034305583202	-3.314823000000000	112.0700000000000	3802184195.077653
0.2294426062387445	0.005074774740292685	-0.001646009729006052	1.747110451005682	2.336906762758640	0.1861805326080103	-0.008721289130806902	-0.008861077063778091	0.01203767552794986	-0.002354085854824276	1.186338135693446	-3.314888000000000	120.9800000000000	3802184198.076875
0.2481431215671753	0.01860222634303954	-0.0005825250706301410	1.744544932012515	2.339472282946462	0.1862015464487015	-0.008704843491645190	-0.008811740146298595	0.01210163079019138	-0.002324849163122945	1.182364688439573	-3.314902000000000	120.9900000000000	3802184201.078132
0.2744661887223058	0.03736578635323656	0.001062038831974699	1.746484603186992	2.338897599343932	0.1858187286211979	-0.008703929845025469	-0.008836408605017268	0.01208975338436534	-0.002302921644420633	1.175103942219904	-3.314909000000000	120.9900000000000	3802184204.075049
0.3167323850439248	0.06769245696176794	0.004157473548311223	1.744309211304609	2.336890317347709	0.1864125988021004	-0.008726771010525224	-0.008821790259102576	0.01209066703096342	-0.002313885403782380	1.171667718926376	-3.314913000000000	120.9900000000000	3802184207.077311
0.4041509829633900	0.1318386663283328	0.01111215151468863	1.745039214699469	2.337403786663175	0.1854313425136581	-0.008704843491641672	-0.008882090936107775	0.01204681199402246	-0.002304748937645787	1.159193707601244	-3.377241000000000	121.0100000000000	3802184210.073095
0.5375862862691986	0.2288423402627098	0.02205855142126391	1.742789817403130	2.336945135905439	0.1860919088878616	-0.008683829619389471	-0.008821790259155098	0.01205320752024726	-0.002282821418879542	1.148863110223792	-3.377286000000000	132.0800000000000	3802184213.078015
0.7128062781236133	0.3516629129880260	0.03718945256977980	1.743791173814254	2.336575109128006	0.1864098578735659	-0.008714893604466978	-0.008792553567260180	0.01204315740758742	-0.002299267057932678	1.144875044643253	-3.377293000000000	132.0700000000000	3802184216.074374
0.9453758328361948	0.5109781652992113	0.05827915645786930	1.741488784944753	2.336618050487308	0.1863468162671244	-0.008750525822657135	-0.008855595184097930	0.01205594846005741	-0.002356826794673196	1.142022641266813	-3.377295000000000	132.1200000000000	3802184219.075241
1.143545689550922	0.6357237728125860	0.07637666751376798	1.742372281061066	2.338255305560151	0.1852431313166366	-0.008717634544331540	-0.008862904357075201	0.01205229387364969	-0.002363222320960355	1.139755885092826	-3.377303000000000	132.0300000000000	3802184222.078518
1.365112201154547	0.7685779847125566	0.09691361454823012	1.742076259562479	2.334792584150613	0.1859968896228991	-0.008774280634763361	-0.008880263642769269	0.01204498470078652	-0.002299267057971883	1.134771945177895	-3.439540000000000	136.8600000000000	3802184225.078248
1.595268827110747	0.8983221407145651	0.1188045853943857	1.739211064567942	2.337379118289923	0.1865642641462574	-0.008747784882782031	-0.008863818003620518	0.01206143033966503	-0.002271857659499494	1.130844180249010	-3.439552000000000	146.2900000000000	3802184228.078328
1.753010777572418	0.9710383270104741	0.1347385806353611	1.740159429480458	2.338056130554068	0.1857639097928087	-0.008711239017989987	-0.008879349996163584	0.01207604868531766	-0.002309317170695689	1.129413410331370	-3.439553000000000	146.2900000000000	3802184231.079190
1.862089192623642	1.005333863702089	0.1466013668662439	1.737828717633629	2.337487842234863	0.1861494686359281	-0.008734080183483792	-0.008873868116440696	0.01209158067757240	-0.002308403524099620	1.127122899357727	-3.439558000000000	146.3000000000000	3802184234.073397
1.946085278649775	1.019543802733440	0.1563655069927662	1.738181385240808	2.336828189020310	0.1861110954820369	-0.008724943717289567	-0.008905845748166264	0.01203676188136847	-0.002344035742069335	1.126941083767901	-3.439563000000000	146.3000000000000	3802184237.074232
2.005954706124280	1.015418690233694	0.1638108122578466	1.740046137267390	2.336911331046397	0.1867524752876613	-0.008708498078130018	-0.008793467213882083	0.01202488447554931	-0.002349517621773586	1.125964396001613	-3.502253000000000	150.2900000000000	3802184240.078805
2.048357041626025	0.9990388415223906	0.1696755090620314	1.736439061484608	2.336925949248105	0.1860937361954434	-0.008747784882785801	-0.008827272138832488	0.01204681199400097	-0.002308403524114142	1.125090950253530	-3.502262000000000	165.5300000000000	3802184243.079195
2.077239236615831	0.9732429552502379	0.1740153298612925	1.737400217513650	2.336674696603009	0.1863733120210996	-0.008834581311689483	-0.008963405485219440	0.01203676188138887	-0.002284648712125394	1.123702208060426	-3.502267000000000	165.5300000000000	3802184246.074467
2.094551925573927	0.9397687863934705	0.1774186630045746	1.736058984597493	2.337701635586391	0.1862463151486037	-0.008714893604468338	-0.008869299883340983	0.01204498470080719	-0.002308403524093986	1.122241287818592	-3.502278000000000	165.5500000000000	3802184249.076646
2.111831723541882	0.9057647026326125	0.1808448373008395	1.735250407607844	2.336465471411465	0.1865103589873001	-0.008700275258550104	-0.008802603680083076	0.01202488447555860	-0.002289216945189520	1.120143556190290	-3.502289000000000	165.5700000000000	3802184252.075054
2.131163572040776	0.8721169407296139	0.1845880469154853	1.735593025007405	2.334997241056633	0.1860745496320552	-0.008716720897705605	-0.008851940597597698	0.01202031624249686	-0.002320280930111191	1.116280660142665	-3.533448000000000	167.8100000000000	3802184255.077278
2.141910797187577	0.8348310394794620	0.1874002507639340	1.736101925957975	2.334711269557231	0.1857090910298905	-0.008761489582091343	-0.008903104808290145	0.01200843883666628	-0.002251757434003786	1.113402674677626	-3.533478000000000	177.8700000000000	3802184258.075558
2.150796010618062	0.7972363255459680	0.1897126899865370	1.735767531503351	2.338537622311302	0.1868648537954069	-0.008714893604466169	-0.008803517326714154	0.01200387060368751	-0.002292871531630987	1.108454366970421	-3.533486000000000	177.8800000000000	3802184261.079881
2.158429528221451	0.7597530761302201	0.1917693081932949	1.734545072592949	2.337127865374884	0.1862545379536374	-0.008744130296303412	-0.008883004582633552	0.01198742496481591	-0.002320280930071723	1.102319232877448	-3.533501000000000	177.9000000000000	3802184264.075705
2.162317094659285	0.7216704744329601	0.1937619711440741	1.734270978723078	2.336578763530915	0.1856972136226971	-0.008844631424508550	-0.008937823379890774	0.01201848894930650	-0.002285562358735147	1.099789346607682	-3.533508000000000	177.8200000000000	3802184267.074812
2.168422081516635	0.6853530368454942	0.1960068005169729	1.734325797484797	2.337077614697328	0.1857812690771011	-0.008779762514487359	-0.008899450221814185	0.01203310729494801	-0.002324849163152228	1.099290495793869	-3.564950000000000	178.6700000000000	3802184270.074734
2.177934056761659	0.6515033573432049	0.1985421694626869	1.733957597967725	2.337184511401996	0.1862052010464067	-0.008778848867861419	-0.008868386236733221	0.01198377037839414	-0.002355913148038438	1.099401046981755	-3.564987000000000	192.9400000000000	3802184273.077065
2.187076005193823	0.6187180753298612	0.2008783634743589	1.733171862086212	2.337429368833029	0.1856067626373112	-0.008738648416584560	-0.008792553567302316	0.01203310729499335	-0.002292871531659199	1.100598837122229	-3.564993000000000	192.9200000000000	3802184276.075424
2.196767968997831	0.5881849309615270	0.2029267588461841	1.733604930545707	2.337032846158874	0.1855062615175359	-0.008745043942920432	-0.008862904357000311	0.01201117977649344	-0.002335812922554574	1.101267626125252	-3.565002000000000	192.9400000000000	3802184279.074542
2.200836437614742	0.5578527884002832	0.2042625099747560	1.735202897975027	2.336505671796671	0.1856707178529280	-0.008745957589540967	-0.008872954469827180	0.01194722451425348	-0.002305662584253119	1.100222414896487	-3.565009000000000	192.9900000000000	3802184282.079356
2.208413309488822	0.5305868423951463	0.2060989393622642	1.734632782719815	2.336135644869438	0.1863057021668610	-0.008715807251082107	-0.008849199657670113	0.01200752519008994	-0.002326676456388964	1.103849590227275	-3.596181000000000	193.0900000000000	3802184285.078581
2.212313667158655	0.5040956681146970	0.2074666681140312	1.733980439207959	2.337037414286809	0.1861138364034794	-0.008738648416581582	-0.008857422477284913	0.01198011579196280	-0.002306576230862639	1.105388170393128	-3.596214000000000	211.5500000000000	3802184288.079202
2.213115848945410	0.4796848661579725	0.2085155342499633	1.733507170362631	2.336495621720953	0.1848310767542805	-0.008699361611926328	-0.008863818003597802	0.01200935248329753	-0.002352258561601537	1.105504203457665	-3.596224000000000	211.5700000000000	3802184291.080595
2.216769522032374	0.4587943431786185	0.2094328352949544	1.730486655627550	2.338278146718275	0.1875153700831844	-0.008752353115882246	-0.008877522703006640	0.01199838872402185	-0.002343122095436439	1.106283543648459	-3.596230000000000	211.6000000000000	3802184294.079198
2.219994694834995	0.4409572260064529	0.2105027152979763	1.734334020290886	2.337935529082846	0.1868566310067189	-0.008731339243624363	-0.008901277515036053	0.01205686210663007	-0.002357740441290478	1.109463945998145	-3.596244000000000	211.6500000000000	3802184297.074706
2.219432802123140	0.4258107971281072	0.2109613658198456	1.732895027294342	2.337831373356309	0.1858698927728043	-0.008719461837571522	-0.008814481086159419	0.01200478425026388	-0.002294698824883575	1.112732058381629	-3.627457000000000	211.6500000000000	3802184300.074492
2.225248163304725	0.4152097586739281	0.2119088171963370	1.734278287842449	2.336092703461379	0.1859311071007650	-0.008696620672069865	-0.008831840371987901	0.01196092921329959	-0.002319367283489358	1.115745263481487	-3.627471000000000	235.4800000000000	3802184303.078618
2.228188278364257	0.4071121111428002	0.2125026873933995	1.731945748819499	2.336576022479135	0.1863267160547318	-0.008758748642231367	-0.008867472590090185	0.01201848894932136	-0.002304748937644718	1.117513168838763	-3.627500000000000	235.5200000000000	3802184306.075978
2.228231219758739	0.4016868791428742	0.2124981191610323	1.734036171582574	2.334777051915268	0.1858196422580889	-0.008695707025445016	-0.008834581311781406	0.01202945270855645	-0.002264548486577039	1.117934359727881	-3.627500000000000	235.5500000000000	3802184309.080168
2.228102395574361	0.3995297601164551	0.2124880690498641	1.732595351367686	2.338035116402293	0.1859904941235105	-0.008687484205862406	-0.008810826499694070	0.01198651131819981	-0.002277339539187085	1.114527373124731	-3.627504000000000	235.5800000000000	3802184312.078562
2.228352734769635	0.4005110162939138	0.2124990328072534	1.733613153309936	2.335992202237167	0.1866894336898324	-0.008759662288844606	-0.008854681537473876	0.01201483436290700	-0.002260893900165649	1.109823922593063	-3.639839000000000	235.6000000000000	3802184315.077495
2.230396562428884	0.4048627138419910	0.2127365808862710	1.734421730414195	2.336371365908616	0.1856752861271556	-0.008768798755052083	-0.008864731650261023	0.01201848894931287	-0.002298353411344660	1.100527572720619	-3.639855000000000	247.1200000000000	3802184318.080167
2.232819553471898	0.4122623355780606	0.2129796108438716	1.732277402362539	2.335826832234081	0.1865487321237211	-0.008751439469264417	-0.008864731650305985	0.01200752519007722	-0.002343122095444778	1.092407085482201	-3.639859000000000	247.1500000000000	3802184321.079755
2.232047522012021	0.4214993000689495	0.2125520243018451	1.733022937789349	2.334783447628968	0.1857821827572881	-0.008758748642227858	-0.008897622928551494	0.01203036635512433	-0.002320280930071964	1.083540149317618	-3.639866000000000	247.1500000000000	3802184324.079014
2.229958012013923	0.4329683025029545	0.2117790793993662	1.733387482710617	2.335534465353919	0.1860361764467365	-0.008736821123344308	-0.008868386236718567	0.01203128000175240	-0.002293785178258495	1.076882409614031	-3.639874000000000	247.2000000000000	3802184327.076254
2.224950314484036	0.4472622993051834	0.2108581237700195	1.733203839863034	2.334766088198122	0.1858370015260160	-0.008680175032906811	-0.008810826499742248	0.01198742496480344	-0.002324849163126424	1.070288625143385	-3.652471000000000	247.2100000000000	3802184330.077927
2.216534714837419	0.4632903967125398	0.2094657265672301	1.748628017428913	2.352773153183411	0.1855044342324381	-0.008726771010525226	-0.008830013078661140	0.01197646120558477	-0.002340381155616829	1.063284613538606	-3.652484000000000	260.2400000000000	3802184333.080369
2.211064712146751	0.4823673317230445	0.2081363709694254	1.723797850449893	2.325039404202696	0.1862316968117262	-0.008724030070663639	-0.008893054695457226	0.01201666165611403	-0.002288303298543749	1.059506686590343	-3.652489000000000	260.2700000000000	3802184336.075182
2.209263000895179	0.5047187748931399	0.2071788694792094	1.726673095595307	2.326624581706582	0.1843230893432023	-0.008736821123343222	-0.008788898980804852	0.01200112966383679	-0.002292871531626172	1.059199701474405	-3.652499000000000	260.3100000000000	3802184339.076963
2.205653182878563	0.5291176991656966	0.2058869733833857	1.728126706923517	2.336702105465032	0.1899639426461491	-0.008752353115887386	-0.008808999206409738	0.01200387060364910	-0.002277339539205087	1.058835156649146	-3.652504000000000	260.3700000000000	3802184342.075657
2.197307934178911	0.5540474516555081	0.2040560258742607	1.729993286581384	2.332229804979830	0.1878150461033453	-0.008737734769959428	-0.008888486462404617	0.01201300706968246	-0.002315712697012133	1.059997314588299	-3.664968000000000	260.3800000000000	3802184345.074178
2.190952607975373	0.5817391565496451	0.2025028268871210	1.719402297942553	2.327177337778049	0.1885642362794823	-0.008726771010522796	-0.008890313755657594	0.01203402094157711	-0.002303835291013468	1.061827347883807	-3.665047000000000	274.9400000000000	3802184348.076625
2.186567104004052	0.6120859171580684	0.2009167366258851	1.741339860583384	2.346197637008401	0.1865606095276655	-0.008766057815183996	-0.008879349996161127	0.01198559767157758	-0.002292871531639612	1.062148037692543	-3.664994000000000	274.9900000000000	3802184351.075796
2.181120856287049	0.6445258409699509	0.1992155269080931	1.717362125804796	2.323678071100873	0.1888830988020977	-0.008761489582087823	-0.008840063191532114	0.01199838872404597	-0.002337640215747766	1.060816855210382	-3.664998000000000	275.0000000000000	3802184354.079602
2.168368176365537	0.6756930552023425	0.1964252505990497	1.746604290820429	2.343216407197779	0.1844044038581918	-0.008776107928006585	-0.008908586688001667	0.01198194308516800	-0.002327590103016716	1.055376092217155	-3.665006000000000	275.0500000000000	3802184357.079862
2.160269612546316	0.7098488059260091	0.1939876418221141	1.735900923777954	2.339238389484565	0.1853527688969442	-0.008693879732201253	-0.008818135672649392	0.01203402094155088	-0.002334899275924657	1.046717467382183	-3.677355000000000	275.0800000000000	3802184360.080817
2.155655697041383	0.7465097742320508	0.1920022880430813	1.732166851113811	2.337217402653526	0.1859347616970495	-0.008679261386295736	-0.008798949093604161	0.01203036635516409	-0.002336726569151984	1.042989790973295	-3.677359000000000	291.7900000000000	3802184363.079111
2.149265652513534	0.7828747208100593	0.1900233297869097	1.733107906965130	2.336435321034993	0.1851389756271160	-0.008901277514953078	-0.008994469470330183	0.01203128000175159	-0.002261807546742908	1.040462645642386	-3.677360000000000	291.8200000000000	3802184366.076269
2.139445778607924	0.8185471232527157	0.1877675366464543	1.720405481772040	2.323873591602254	0.1870302238032462	-0.008941477966238315	-0.009024619808814532	0.01202305718232584	-0.002330331042864806	1.038282685860058	-3.677361000000000	291.8600000000000	3802184369.076246
2.130959828839899	0.8549038464318196	0.1852084128724249	1.734402543776189	2.337454037166477	0.1852248583779824	-0.008762403228722956	-0.008860163417164854	0.01200935248329087	-0.002307489877508938	1.038186753011109	-3.677362000000000	291.9000000000000	3802184372.081216
2.116449293446492	0.8887078419242387	0.1821312515411649	1.736515807755495	2.335224739086073	0.1853966239260686	-0.008776107928003341	-0.008859249770548696	0.01198742496479630	-0.002322108223322137	1.036453566210111	-3.689837000000000	291.9600000000000	3802184375.076834
2.099170409063500	0.9213167880328162	0.1786593949239398	1.731020224992019	2.335506142341700	0.1864692448854112	-0.008816308379289395	-0.008957923605546026	0.01200295695708387	-0.002291044238428937	1.031387398147871	-3.689844000000000	311.7500000000000	3802184378.078912
2.086589495631464	0.9561321895456281	0.1756078156794175	1.734354120519382	2.336669214669753	0.1862125102344425	-0.008749612176023894	-0.008869299883352642	0.01199382049105341	-0.002309317170701609	1.024518606173104	-3.689846000000000	311.8200000000000	3802184381.076014
2.065352694810957	0.9860413109583770	0.1720509899221005	1.733869887935092	2.337316990208200	0.1865057907115351	-0.008732252890247602	-0.008836408605094093	0.01202488447556151	-0.002250843787362607	1.019133575592538	-3.689850000000000	311.8400000000000	3802184384.075550
2.030889033425067	1.007064309567470	0.1671282626574703	1.733203839816678	2.336849202946386	0.1846245926639932	-0.008806258266473287	-0.008951528079187700	0.01200935248329911	-0.002295612471458964	1.017307196880387	-3.689858000000000	311.8800000000000	3802184387.080155
1.983759491508013	1.018774512650502	0.1609209484084139	1.735660634904036	2.335296917261300	0.1860352627949848	-0.008716720897707234	-0.008807171913232707	0.01200661154348576	-0.002306576230877412	1.020415421182240	-3.702300000000000	319.0200000000000	3802184390.077258
1.917312724194360	1.016338731936284	0.1528954776011156	1.732203397111193	2.336984422959790	0.1865085316437604	-0.008725857363905239	-0.008883004582657379	0.01200112966387496	-0.002290130591840387	1.023496236098528	-3.702310000000000	335.9900000000000	3802184393.079514
1.824104343139160	0.9935989921643099	0.1423720972033559	1.734585273082552	2.336940567683615	0.1856624950537151	-0.008723116424040672	-0.008792553567288024	0.01203036635514737	-0.002306576230858865	1.022850288249912	-3.702314000000000	335.9900000000000	3802184396.080733
1.713503795917400	0.9558434773414665	0.1306262576854517	1.733707258935334	2.336839152974033	0.1867744027916936	-0.008726771010530905	-0.008810826499691053	0.01198102943859960	-0.002311144463920865	1.022278345737720	-3.702316000000000	336.0100000000000	3802184399.081157
1.531429621034857	0.8632426951591157	0.1127242677788357	1.733401187373781	2.338776997763521	0.1862737245364548	-0.008718548190943969	-0.008825444845594461	0.01201757530272167	-0.002302007997796876	1.026077286554744	-3.702319000000000	336.0300000000000	3802184402.080622
1.305099349916559	0.7326872203923673	0.09131022032283781	1.732534137015580	2.337168979390753	0.1855473755712951	-0.008762403228708896	-0.008821790259077446	0.01202762541533642	-0.002344035742067963	1.027526329395560	-3.714863000000000	342.0700000000000	3802184405.076273
1.102750473913267	0.6113358133930896	0.07263619852182267	1.732995528389685	2.337031932502156	0.1859393299404549	-0.008751439469267121	-0.008860163417201965	0.01199564778425038	-0.002318453636851642	1.027261372003247	-3.714857000000000	366.4500000000000	3802184408.082302
0.8910732715424080	0.4740449269032521	0.05325501397286573	1.730153174582278	2.332968945151495	0.1869242408587731	-0.008731339243624641	-0.008885745522514888	0.01200112966386782	-0.002322108223315414	1.031301515406920	-3.714856000000000	366.5500000000000	3802184411.080917
0.6611185699158042	0.3151892359080826	0.03249879100926969	1.736718637360176	2.338416107325646	0.1847634669274613	-0.008761489582090535	-0.008841890484768076	0.01197463391234140	-0.002354999501467090	1.032369567790049	-3.714875000000000	367.3800000000000	3802184414.080590
0.4932826636236233	0.1967861405350259	0.01834183706470306	1.732039854306648	2.339189966155649	0.1851526803152689	-0.008744130296315043	-0.008836408605048080	0.01203950282117944	-0.002290130591811920	1.030892201918583	-3.714876000000000	367.5300000000000	3802184417.080414
0.3593576431561187	0.09924706766329634	0.007457565095465171	1.734331279422881	2.336829102951896	0.1858726336728150	-0.008709411724746234	-0.008850113304362058	0.01202945270855302	-0.002349517621712855	1.031063967400833	-3.727166000000000	370.5500000000000	3802184420.077296
0.2904467780991122	0.04952185405214764	0.002152932885797534	1.732763462209169	2.337591084231607	0.1865871053046224	-0.008711239017980541	-0.008834581311787012	0.01201666165610850	-0.002337640215738367	1.030580648570929	-3.727164000000000	407.4400000000000	3802184423.079774
0.2526976490220230	0.02217367087928493	-0.0004317733797408934	1.735289694380321	2.337212834437935	0.1855071751567579	-0.008706670784883821	-0.008796208153723411	0.01198011579196360	-0.002323935516564217	1.028869389278434	-3.727168000000000	407.4500000000000	3802184426.078633
0.2279396578306104	0.004566787223095886	-0.001779402134490710	1.734587100279040	2.337591084203991	0.1860891679423963	-0.008695707025451499	-0.008830926725337919	0.01199564778421223	-0.002319367283480471	1.024486628557133	-3.727170000000000	407.4100000000000	3802184429.081595
0.2114931080519622	-0.006477373037572539	-0.002617216080049745	1.734869417083490	2.337026450596651	0.1853692145358603	-0.008700275258551462	-0.008851026950961252	0.01202305718230411	-0.002311144463968939	1.021530069521298	-3.727175000000000	407.5100000000000	3802184432.080833
0.2001437917131742	-0.01337540502361876	-0.003156267583001904	1.729960395195955	2.341999429968100	0.1882325825556020	-0.008724030070674722	-0.008871127176577436	0.01199656143082249	-0.002352258561614704	1.016526943043039	-3.739644000000000	407.7400000000000	3802184435.080321
0.1924499748110374	-0.01730225821894295	-0.003331687733380543	1.734935199517864	2.335610297999309	0.1858287787113159	-0.008776107928010644	-0.008881177289428971	0.01203402094153895	-0.002323021869913620	1.016227267095684	-3.739672000000000	469.1300000000000	3802184438.077988
0.1868008986760444	-0.02041687957462220	-0.003742828710262435	1.732459218054810	2.340057016936130	0.1834816209302297	-0.008713066311226182	-0.008841890484831602	0.01199564778423766	-0.002345863035313319	1.018733398565921	-3.739669000000000	469.2900000000000	3802184441.081883
0.1826127432330648	-0.02299244942639862	-0.003662427808313295	1.730556092641551	2.340284515021187	0.1842728387709898	-0.008741389356444260	-0.008869299883364542	0.01201666165611457	-0.002306576230887087	1.019448783525083	-3.739673000000000	469.2500000000000	3802184444.080873
0.1781532347729090	-0.02465437265064409	-0.004117423823021784	1.734875812556793	2.338291851346267	0.1901868723741932	-0.008741389356444803	-0.008823617552326329	0.01200752519007961	-0.002329417396249700	1.017936699097440	-3.739674000000000	469.5700000000000	3802184447.078011
0.1751500787914438	-0.02567217500037736	-0.004150315101185980	1.733608585055568	2.337551797326916	0.1867817119883765	-0.008684743266007308	-0.008808085559818737	0.01203310729497426	-0.002298353411343599	1.016278431282005	-3.752386000000000	469.7500000000000	3802184450.076017
0.1725790775890545	-0.02672012769005306	-0.004184120025891166	1.734498476685000	2.337428455138541	0.1862042874022542	-0.008711239017986207	-0.008864731650281918	0.01198651131820165	-0.002369617847273033	1.017144567860061	-3.752387000000000	577.8099999999999	3802184453.076478
0.1702958750246743	-0.02765387455129607	-0.004262693634955465	1.733578434773535	2.338785220548625	0.1859594301427171	-0.008720375484188542	-0.008783417101070008	0.01200752519010241	-0.002355913148036024	1.016464815102464	-3.752390000000000	578.1700000000000	3802184456.082238
0.1678555252612413	-0.02824865851119327	-0.004613533935445695	1.734162254765506	2.338345756488015	0.1912202064974200	-0.008744130296316118	-0.008830013078723038	0.01205138022704682	-0.002327590102997116	1.016332336406225	-3.752392000000000	578.3200000000000	3802184459.080595
0.1656481553469215	-0.02874568228137032	-0.004637288747813876	1.732891372782415	2.338233378087089	0.1846401246453951	-0.008697534318684731	-0.008815394732772642	0.01202122988914821	-0.002304748937608985	1.020347811365378	-3.752393000000000	578.4900000000000	3802184462.080619
0.1642192122387497	-0.02924544699164587	-0.004698503070780787	1.738953416266155	2.332453648489567	0.1862134238927734	-0.008744130296300447	-0.008870213529931274	0.01200843883668142	-0.002356826794641749	1.024605402560439	-3.764993000000000	578.8400000000000	3802184465.082264
0.1631694324223224	-0.02961456023304237	-0.004632720514528127	1.734821907392948	2.337404700295413	0.1856771134196181	-0.008759662288841365	-0.008857422477328170	0.01201574800950165	-0.002331244689446637	1.028279173846165	-3.764991000000000	675.6500000000000	3802184468.076534
0.1618565224148393	-0.03004854238583106	-0.004676575552380855	1.733864406085823	2.340575968269802	0.1854633201067063	-0.008755094055745191	-0.008872040823204768	0.01198833861144130	-0.002360481381113333	1.030235290316439	-3.764995000000000	675.9900000000000	3802184471.077658
0.1608588204469777	-0.03047612901230935	-0.004910469086485268	1.733005578498341	2.338908562904299	0.1870247419545857	-0.008760575935465944	-0.008876609056299809	0.01194996545404935	-0.002342208448822928	1.032596152042578	-3.764996000000000	676.2600000000000	3802184474.078185
0.1601708446388673	-0.03062413976768062	-0.004998179161389512	1.734291992572137	2.337909033371468	0.1864263034938696	-0.008765144168561572	-0.008901277515076913	0.01204589834738700	-0.002375099726963867	1.036076230338147	-3.765004000000000	676.5300000000000	3802184477.077592
0.1596354477939771	-0.03095944808390621	-0.005010970214071823	1.733029333332113	2.338864707856738	0.1854642337452452	-0.008730425597001944	-0.008825444845601519	0.01200752519003482	-0.002330331042837412	1.041207267278445	-3.777184000000000	676.7800000000000	3802184480.076867
0.1588022021930041	-0.03111933624566901	-0.005079493709960422	1.733756595716570	2.339866064854465	0.1854825067372379	-0.008687484205875109	-0.008857422477283845	0.01198559767161072	-0.002316626343649568	1.045416435224284	-3.777197000000000	754.7200000000000	3802184483.081126
0.1581854908099580	-0.03143454433599384	-0.005022847619872974	1.734453708005917	2.337467741924093	0.1858242104612241	-0.008702102551786845	-0.008837322251665383	0.01202579812212753	-0.002385149839730109	1.049528756673811	-3.777201000000000	755.2700000000000	3802184486.078361
0.1578474416072961	-0.03149027678095998	-0.005042034198654442	1.733062224583469	2.339570956754297	0.1859018704361289	-0.008727684657157923	-0.008840976838134574	0.01199290684443147	-0.002329417396216354	1.050960440235675	-3.777207000000000	755.6500000000000	3802184489.081628
0.1573184402868415	-0.03186578554958702	-0.005108730402276783	1.735956656204902	2.336263555536902	0.1858963885598371	-0.008760575935467295	-0.008875695409717181	0.01198011579198135	-0.002301094351163196	1.051392594878164	-3.777212000000000	755.9299999999999	3802184492.076491
0.1573357995708899	-0.03186761284287713	-0.005065789011117564	1.731374719810199	2.342099931058421	0.1842947662631250	-0.008937823379752947	-0.009010001462845706	0.01203128000177836	-0.002315712697011060	1.052206653623617	-3.789482000000000	765.5400000000000	3802184495.077157
0.1571877888387583	-0.03191146788154333	-0.005171772018741796	1.733790400690929	2.337151620190471	0.1866985701460799	-0.008818135672527760	-0.008921377740709308	0.01199838872401946	-0.002322108223307075	1.052474351953957	-3.789500000000000	830.8400000000000	3802184498.076834
0.1567739069771408	-0.03189684953532190	-0.005031070439638618	1.733397532780314	2.339715313101707	0.1859192297076948	-0.008756007702363568	-0.008839149544920759	0.01202579812215669	-0.002306576230862369	1.054784049493344	-3.789506000000000	831.4600000000000	3802184501.078535
0.1561855186344962	-0.03187126742941342	-0.005174512958177725	1.734443657909462	2.338364943276419	0.1857721326242056	-0.008747784882786087	-0.008892141048857763	0.01200843883664350	-0.002295612471492535	1.056499877016651	-3.789513000000000	831.7900000000000	3802184504.081071
0.1561672457046454	-0.03202567371146110	-0.005062134424196837	1.733218458045831	2.338085367095269	0.1864052896245545	-0.008715807251081021	-0.008846458717839860	0.01205229387363775	-0.002294698824882496	1.058108807937163	-3.789513000000000	832.1700000000000	3802184507.082763
0.1566834559741022	-0.03185664908318343	-0.005101421228973536	1.735735553866505	2.337077614670022	0.1851106525579000	-0.008701188905174686	-0.008829099432080319	0.01199290684441715	-0.002254498373824762	1.059215233459365	-3.802034000000000	832.6100000000000	3802184510.077983
0.1564020528537386	-0.03190415870844310	-0.005101421229043342	1.733487070165467	2.337967506699601	0.1865670050622429	-0.008719461837570986	-0.008841890484783449	0.01202488447556259	-0.002303835291033886	1.059732357196441	-3.802058000000000	871.9299999999999	3802184513.077384
0.1570708420874008	-0.03187674930925033	-0.005144362619696490	1.735146251948400	2.337409268604878	0.1857483778334134	-0.008723116424057971	-0.008848286011109629	0.01202214353570841	-0.002261807546723561	1.058153576599782	-3.802062000000000	872.4800000000000	3802184516.076682
0.1572206801126142	-0.03189136765547147	-0.005069443597502971	1.733474279156102	2.338682892253968	0.1849790875115752	-0.008738648416588883	-0.008820876612483659	0.01192895158222601	-0.002329417396215283	1.055939811909086	-3.802068000000000	873.0300000000000	3802184519.083192
0.1578090684546199	-0.03190598600170864	-0.005030156792951239	1.734273719618341	2.338279973902994	0.1858214695510196	-0.008682002326153274	-0.008770626048453609	0.01201483436291232	-0.002285562358726823	1.053666660217151	-3.802075000000000	873.4000000000000	3802184522.082158
0.1579196196804030	-0.03163554659657092	-0.005124262394488250	1.735827832126542	2.335327981087912	0.1869973325265574	-0.008737734769969974	-0.008866558943476443	0.01201666165609680	-0.002301094351164022	1.052251422286175	-3.814926000000000	873.7100000000000	3802184525.079033
0.1581790952842372	-0.03141901234312694	-0.005058479837802846	1.733218458109222	2.338297333152171	0.1870768197708387	-0.008728598303760065	-0.008914982214437903	0.01200478425029066	-0.002307489877481536	1.053042639876835	-3.814938000000000	902.4000000000000	3802184528.082386
0.1585153171941318	-0.03143545798264345	-0.005132485213908975	1.734907790205416	2.336722205955479	0.1864646766488510	-0.008779762514489789	-0.008833667665197347	0.01199838872404387	-0.002336726569129948	1.054424986545129	-3.814943000000000	902.8099999999999	3802184531.083510
0.1590900008383139	-0.03106634474064675	-0.005048429725383745	1.733824205652594	2.339192707210012	0.1864436627791770	-0.008723116424049047	-0.008901277515053919	0.01203036635518821	-0.002305662584258249	1.057185111650646	-3.814943000000000	903.2200000000000	3802184534.078346
0.1598391909622487	-0.03099325300955706	-0.005022847620038358	1.739311565594211	2.332897680642176	0.1843906991766891	-0.008777935221246837	-0.008901277515026318	0.01204772564060625	-0.002283735065488215	1.057901410254589	-3.814949000000000	903.5000000000000	3802184537.082777
0.1604568159905108	-0.03063327623410378	-0.004898591680117029	1.735474251030754	2.335668771583930	0.1871946801876046	-0.008704843491643296	-0.008846458717848532	0.01201574800951463	-0.002329417396231940	1.061977185857125	-3.827408000000000	903.7900000000000	3802184540.077446
0.1612891479445556	-0.03046607889931437	-0.005101421229081662	1.732994614799953	2.339862410347977	0.1860562766903867	-0.008691138792350750	-0.008859249770527043	0.01201940259595150	-0.002331244689455508	1.063058942932521	-3.827432000000000	927.4400000000001	3802184543.081983
0.1620575246435714	-0.03003575133292260	-0.004714035063603086	1.734877639858627	2.337754627008110	0.1865441638955484	-0.008760575935459996	-0.008816308379377202	0.01200112966385668	-0.002308403524085911	1.063943352433277	-3.827437000000000	927.8000000000000	3802184546.079708
0.1635824006353357	-0.02952867744913877	-0.004636375100831131	1.735669771231857	2.337040155210274	0.1858114194246999	-0.008725857363905777	-0.008840976838139185	0.01201848894933302	-0.002352258561598581	1.061567872369180	-3.827443000000000	928.1000000000000	3802184549.077884
0.1650168256235491	-0.02908190424366621	-0.004630893221044428	1.737337175863011	2.335240271037527	0.1860087670703548	-0.008709411724749195	-0.008849199657727973	0.01200935248327897	-0.002293785178246674	1.060521747494893	-3.827446000000000	928.4100000000000	3802184552.079097
0.1669930429770121	-0.02858305318009339	-0.004611706642405878	1.732980910031937	2.339519792679073	0.1856177263916374	-0.008817222025907224	-0.008918636800804515	0.01206965315908573	-0.002297439764710991	1.059821894521913	-3.752003000000000	919.2100000000000	3802184555.082122
0.1692470088595693	-0.02809607952299885	-0.004459127657452774	1.736187808655773	2.335581975026533	0.1852961228832048	-0.008857422477194093	-0.008970714658249406	0.01203676188139499	-0.002303835290987401	1.061767960882172	-1.894321000000000	61.19100000000000	3802184558.077286
0.1715603617595397	-0.02740810360631970	-0.004141178634924646	1.736469211745041	2.336363142866047	0.1852888136540367	-0.008797121800260961	-0.008883004582643564	0.01196275650651560	-0.002312971757157056	1.065574210862078	-0.03105500000000000	44.53400000000000	3802184561.082960
0.1734817603146580	-0.02636471914916799	-0.004224320476768416	1.734249964877449	2.339171693144233	0.1860672404056209	-0.008778848867872240	-0.008891227402317285	0.01199656143086649	-0.002280994125653549	1.063355877940627	-0.005313000000000000	42.79500000000000	3802184564.082972
