4.481081550167781	0.03109725715406264	0.9973997602763290	-1.062756778993201	1.554205910102036	0.2464483073419882	-0.008879349996136833	-0.008949700786034966	5.593952020682232	-0.002353172208229024	-1.727473523792606	0.002473000000000000	221.9700000000000	3806415768.019495
4.479447942829835	0.02714390836201519	0.9969118732160930	-1.064605088792745	1.554939567973264	0.2463240513918868	-0.008801690033463924	-0.008899450221820407	5.603824056305868	-0.002361395027721203	-1.693363346358615	0.002526000000000000	221.9900000000000	3806415771.013830
4.476411881788617	0.02373692021934892	0.9962458251506885	-1.066661710785086	1.552605201780191	0.2451500157467512	-0.008755094055873304	-0.008832754018644128	5.585219316140917	-0.002374186080365387	-1.661525416758667	0.002552000000000000	222.4000000000000	3806415774.017429
4.472008999444843	0.02071640457671582	0.9954198890037091	-1.064426014328250	1.554922208773531	0.2460271163428470	-0.008813567439534865	-0.008871127176715657	5.605889835056911	-0.002334899275905042	-1.617560627951803	0.002621000000000000	222.5000000000000	3806415777.019616
4.470962869490432	0.01819748090866787	0.9952271096596624	-1.067502267327541	1.559181627409651	0.2465305355415012	-0.008770626048367446	-0.008926859620570118	5.548375310322536	-0.002410731944903989	-1.581183696519713	0.002662000000000000	222.4800000000000	3806415780.017793
4.469819892576505	0.01581286328526873	0.9952097503822360	-1.066511872205574	1.555357104376297	0.2461230492023675	-0.008834581311834419	-0.008783417101162757	5.568038973917339	-0.002401595478763893	-1.572768077351965	0.002668000000000000	222.5900000000000	3806415783.016121
4.471998949286438	0.01359361569164997	0.9955870862547056	-1.064754013436206	1.557025422410420	0.2466036272504714	-0.008764230522078384	-0.008946046199566298	5.594312919706535	-0.002400681832158157	-1.563929438467967	0.002716000000000000	222.5000000000000	3806415786.017411
4.472991173856827	0.01163658466896386	0.9956948965039836	-1.065358849106775	1.555791999885242	0.2469371082079974	-0.008855595184047670	-0.008904018454973331	5.618600578505715	-0.002373272433717181	-1.558241061162243	-0.1215920000000000	222.5700000000000	3806415789.018551
4.475724816516074	0.009659453417623092	0.9960813688382378	-1.068073297232115	1.557991146423595	0.2464272934910290	-0.008754180409233862	-0.008909500334794955	5.596699376325448	-0.002365049614185247	-1.563579511072011	-0.1215330000000000	223.0900000000000	3806415792.013747
4.478530637594005	0.008234164712978538	0.9967236621029619	-1.063696008874790	1.555189907191440	0.2463496334864977	-0.008808085559810856	-0.008909500334726768	5.579791298752437	-0.002361395027737320	-1.592664609207138	-0.1214900000000000	223.0500000000000	3806415795.019904
4.477616986963004	0.006911204426589444	0.9965884424682850	-1.065046380977851	1.556287196325004	0.2465424129036072	-0.008880263642806616	-0.008952441725963435	5.595216516201573	-0.002400681832145799	-1.650674921199808	-0.1215650000000000	223.0300000000000	3806415798.014211
4.477718402182734	0.005885179286315595	0.9966752388554073	-1.064217702005553	1.556130962752268	0.2465241399692530	-0.008866558943531919	-0.008936909733413375	5.573776717662937	-0.002389718072802298	-1.648033561547640	-0.1215430000000000	223.0200000000000	3806415801.015837
4.477247872108737	0.005157916586189966	0.9964961642040818	-1.065558023538125	1.556999840361417	0.2457329221910760	-0.008783417101082472	-0.008873868116519615	5.618025892055787	-0.002365963260786150	-1.630388258846688	-0.2467950000000000	223.0300000000000	3806415804.016620
4.477891995803017	0.004506486554062527	0.9965875288221041	-1.065359762600791	1.555121383679980	0.2460956398261889	-0.008883004582677115	-0.008962491838706444	5.598966152253566	-0.002372358787098025	-1.613426366310823	-0.2468400000000000	223.5400000000000	3806415807.015000
4.478071984976904	0.004609728620840910	0.9967382804418482	-1.065604619637328	1.557547114405055	0.2469243171128134	-0.008787985334223222	-0.008934168793572431	5.595960236285820	-0.002323935516540852	-1.614540104702341	-0.2469040000000000	223.5700000000000	3806415810.019462
4.477637087276814	0.004590542042030223	0.9967172665797004	-1.065600965645497	1.557458490764211	0.2472267341150789	-0.008797121800345012	-0.008912241274597913	5.652362842265815	-0.002357740441306864	-1.645825272542697	-0.2468460000000000	223.6700000000000	3806415813.016921
4.476426500195709	0.004918541174721272	0.9964294680329211	-1.066102558591908	1.559547999634452	0.2460243754148807	-0.008804430973318442	-0.008909500334808761	5.595524417574047	-0.002374186080343865	-1.679600135967060	-0.2468710000000000	223.6300000000000	3806415816.018045
4.474495042775558	0.005690572558780138	0.9959717312966064	-1.065022625987671	1.556188522437730	0.2457685544024432	-0.008777935221329275	-0.008934168793466528	5.609614793881702	-0.002330331042840100	-1.686074253089301	-0.3715190000000000	223.6100000000000	3806415819.017963
4.477256094975033	0.006513768152434277	0.9965847878835515	-1.067344206122288	1.556786960679130	0.2467525516021502	-0.008777021574696578	-0.008900363868676004	5.625896111829699	-0.002346776681918217	-1.682470820645267	-0.3715170000000000	224.1700000000000	3806415822.014545
4.484342369313175	0.007389955248745203	0.9980521036489836	-1.062498216742447	1.558068806540148	0.2453318314225312	-0.008771539695032075	-0.008935082440090402	5.611048329722715	-0.002369617847255018	-1.686323679447482	-0.3715030000000000	224.2800000000000	3806415825.019438
4.482914333354016	0.008775957150356272	0.9977094863314124	-1.064657166958150	1.557708829814470	0.2462939010863949	-0.008820876612535344	-0.008884831875986491	5.625402734697420	-0.002380581606651722	-1.648998374877949	-0.3715260000000000	224.1800000000000	3806415828.019389
4.482564405157392	0.01050914475988322	0.9975824895123678	-1.065695071166918	1.556142840138280	0.2462984693176545	-0.008808085559838733	-0.008906759394910280	5.612096274489002	-0.002380581606646620	-1.625457295359791	-0.3715650000000000	224.3200000000000	3806415831.019004
4.483351972012347	0.01225238247946582	0.9977743552102081	-1.063186194250286	1.555538006298330	0.2484519339602022	-0.008777021574720082	-0.008958837252226086	5.555923004096829	-0.002364135967573604	-1.614613196187638	-0.4969310000000000	224.2400000000000	3806415834.016048
4.481328235840992	0.01419479515548032	0.9973568189058569	-1.066498167610541	1.556101726062296	0.2461111718042394	-0.008792553567257484	-0.008925032327298315	5.585091418924126	-0.002397027245764254	-1.605258344828456	-0.4969160000000000	224.9500000000000	3806415837.019947
4.477225030846759	0.01672559623817884	0.9964331226176413	-1.067021687690043	1.561245554495580	0.2472239931427060	-0.008811740146349259	-0.008898536575347544	5.498392966669154	-0.002316626343598779	-1.592209613518510	-0.4969350000000000	224.8000000000000	3806415840.019620
4.474031821910897	0.01947293155880117	0.9958264615539459	-1.068157352138239	1.563830259810579	0.2450111414838800	-0.008788898980768879	-0.008901277515171000	5.499753392684079	-0.002339467509019427	-1.581038428193889	-0.4969680000000000	224.9200000000000	3806415843.016330
4.473179385883013	0.02244136934883134	0.9957314423511932	-1.070343711651613	1.559243755691087	0.2447196882877251	-0.008739562063313729	-0.008851940597733123	5.538534341290880	-0.002305662584254486	-1.557325586168629	-0.4969940000000000	224.8600000000000	3806415846.021253
4.475349306110836	0.02551761742901283	0.9961371012552350	-1.067568048779010	1.558398632858978	0.2463094330967286	-0.008815394732748071	-0.008875695409799827	5.527598819654509	-0.002364135967593766	-1.532596768146778	-0.6217819999999999	224.9200000000000	3806415849.020229
4.480894251788205	0.02865325252922856	0.9973294095204481	-1.068681786201303	1.557164296696011	0.2482774274925507	-0.008767885108507210	-0.008883918229393882	5.513894926296800	-0.002344035742105594	-1.506237087856484	-0.6217279999999999	225.5600000000000	3806415852.016866
4.481979668747645	0.03218997847266019	0.9976784223612839	-1.064761323040885	1.554273519920084	0.2478443590788842	-0.008785244394332479	-0.008932341500287174	5.519527615855904	-0.002407077358462517	-1.487532871819832	-0.6217530000000000	225.5900000000000	3806415855.019060
4.485744823060623	0.03598161180221347	0.9984056847207041	-1.066767693776633	1.556677323221917	0.2471344557957869	-0.008870213529971797	-0.008940564319803302	5.520036529294797	-0.002384236193093198	-1.464869816693740	-0.6217790000000000	225.5800000000000	3806415858.019902
4.486803744165836	0.03964624824482568	0.9986624192973259	-1.066519181608454	1.561235504426095	0.2466739780176791	-0.008809912853041094	-0.008901277515184505	5.521353084219534	-0.002365049614188479	-1.463809984052294	-0.6218020000000000	225.5200000000000	3806415861.015123
4.486365191851987	0.04340955850615479	0.9984056847207071	-1.064389467994911	1.555609270745065	0.2464464800388238	-0.008825444845609367	-0.008931427853590074	5.553404975161904	-0.002439054990002032	-1.466077659825954	-0.7469580000000000	225.5500000000000	3806415864.019758
4.489997866865136	0.04720027815257585	0.9989913319221766	-1.068804214995347	1.558494565646347	0.2469617766170014	-0.008809912853026226	-0.008920464094164230	5.550268404309171	-0.002392459012653889	-1.503843328129188	-0.7469460000000000	226.4100000000000	3806415867.017162
4.488771747680104	0.05104307564164441	0.9984559352606136	-1.066912050036063	1.560028577720958	0.2473619537688606	-0.008848286011121548	-0.008946046199556459	5.528096759828311	-0.002417127471256168	-1.535414459844993	-0.7469730000000000	226.3900000000000	3806415870.021085
4.484985579369781	0.05471867579572889	0.9972462677180525	-1.066977832477545	1.557646701977120	0.2476068109952036	-0.008794380860538319	-0.008931427853609347	5.544675012058801	-0.002347690328493589	-1.529035364140281	-0.7469870000000000	226.3600000000000	3806415873.014874
4.481101650483682	0.05890683166187172	0.9962074520111146	-1.067435570162448	1.562143668900404	0.2452733580185713	-0.008857422477307897	-0.008942391613087589	5.534053794248758	-0.002410731944931392	-1.538288798697101	-0.7470200000000000	226.2100000000000	3806415876.015880
4.479196688905122	0.06359932041604763	0.9957497152748017	-1.068844415366234	1.558907533837016	0.2466410867175218	-0.008859249770592258	-0.008924118680708908	5.525107291330936	-0.002379667960019115	-1.575606784590541	-0.8718700000000000	226.4100000000000	3806415879.015935
4.478212687174548	0.06843342436866361	0.9954655713127238	-1.067113966057254	1.559603732353348	0.2459439744902858	-0.008813567439508880	-0.008951528079351598	5.521858347443030	-0.002381495253284322	-1.651381172505320	-0.8718860000000000	227.0700000000000	3806415882.017659
4.477524708249397	0.07290115603284938	0.9951156448256634	-1.068262421792980	1.559838539376114	0.2466968191426349	-0.008885745522539247	-0.008954269019041726	5.536379957948639	-0.002386977132967088	-1.681376269196489	-0.8719460000000000	227.1900000000000	3806415885.018152
4.478985635608717	0.07740086530982129	0.9952042685051560	-1.066108040130977	1.559475821736026	0.2465204854176835	-0.008891227402245109	-0.008935082440135009	5.573088733485682	-0.002377840666808723	-1.693440091792738	-0.8719519999999999	227.2400000000000	3806415888.014967
4.480860446713988	0.08189874727684553	0.9956620052414923	-1.065077445251500	1.559853157637662	0.2464592711136759	-0.008844631424638335	-0.008910413981335978	5.576467423430401	-0.002373272433710477	-1.728654871969413	-0.8719320000000000	227.2400000000000	3806415891.019258
4.482089306823672	0.08644413884766868	0.9957963112299932	-1.065301288987707	1.559679564843090	0.2467269695022085	-0.008976196537926391	-0.009065733906854754	5.631061906762923	-0.002354085854837451	-1.752554107862214	-0.9972860000000000	227.2200000000000	3806415894.015637
4.483594089434608	0.09105348565940165	0.9960137590209003	-1.064565802229698	1.559086608504571	0.2470293864601426	-0.008949700785945543	-0.008973455598225500	5.607463149471255	-0.002355913148052939	-1.833707179164881	-0.9972900000000000	228.2000000000000	3806415897.016062
4.483880975736183	0.09544355728488145	0.9959351854493986	-1.064270693652678	1.556647173048693	0.2461924863146604	-0.008808999206428667	-0.008908586688191243	5.590134776715719	-0.002390631719434096	-1.905298924858123	-0.9973220000000000	228.0900000000000	3806415900.016442
4.485467073261312	0.09982814701494759	0.9962549616124922	-1.065861355001603	1.557275761648383	0.2470284728064601	-0.008718548191049906	-0.008935996086751118	5.621137796295711	-0.002425350290774126	-2.032432366082823	-0.9973430000000000	227.9600000000000	3806415903.021087
4.485886438909513	0.1044173935529561	0.9962979029829635	-1.067471203075418	1.558891088190905	0.2469106123889959	-0.008793467213892368	-0.008893054695549154	5.609457642466546	-0.002384236193111200	-2.075220417943154	-0.9973810000000000	228.1900000000000	3806415906.020134
4.487775868464862	0.1090779045033268	0.9965994062224406	-1.064605088972187	1.554709329334675	0.2471408513313028	-0.008772453341636342	-0.008920464094211130	5.588622675186287	-0.002378754313414194	-2.136424006233161	-1.122146000000000	228.0700000000000	3806415909.016624
4.495339068680745	0.1136744601794462	0.9981169725277736	-1.066410457095219	1.555702462809326	0.2463843521145830	-0.008847372364510993	-0.008883918229344352	5.555234110597803	-0.002394286305868848	-2.146135192727923	-1.122076000000000	229.2300000000000	3806415912.020090
4.495976796849938	0.1181577236700274	0.9981452955593584	-1.064859082992941	1.557586401381873	0.2473610401029092	-0.008799862740249595	-0.008913154921227320	5.547336495937390	-0.002394286305849513	-2.148314248553420	-1.122067000000000	229.1100000000000	3806415915.020871
4.490303026189863	0.1221795956527379	0.9967145256411567	-1.066547504257526	1.557571782920525	0.2469316263111627	-0.008739562063275886	-0.008842804131478550	5.572990059800548	-0.002333985629300914	-2.135715013660610	-1.122138000000000	229.0800000000000	3806415918.021253
4.489671693579036	0.1260287884310290	0.9964468273103453	-1.067980104407759	1.558865506138802	0.2456799306925177	-0.008815394732757510	-0.008925945973921483	5.556252843876440	-0.002388804426208661	-2.097297855798796	-1.122127000000000	229.1000000000000	3806415921.016181
4.490005176070478	0.1297628617371379	0.9964212452172995	-1.067271113580800	1.560607829531913	0.2477137076286369	-0.008761489582190543	-0.008905845748368887	5.554011637973430	-0.002394286305891152	-2.070328735742105	-1.247489000000000	229.8600000000000	3806415924.016712
4.486989215247395	0.1331004124465003	0.9956483005487848	-1.064957757247304	1.559063767343065	0.2450878877929704	-0.008755094055828690	-0.008928686913783698	5.607478670891140	-0.002399768185581708	-2.083342765920441	-1.247484000000000	230.1800000000000	3806415927.017377
4.487572124365208	0.1361839694178323	0.9955916544856100	-1.065406358580715	1.561952716811257	0.2451518430437650	-0.008846458717849061	-0.008897622928632077	5.600216947569411	-0.002395199952466518	-2.078656655019004	-1.247515000000000	230.1700000000000	3806415930.019035
4.489917465607504	0.1391432704566324	0.9959424946188392	-1.064756754523707	1.561103939391762	0.2450687012172715	-0.008784330747704327	-0.008854681537531954	5.556025332632806	-0.002360481381104441	-2.118623361693303	-1.247517000000000	230.1300000000000	3806415933.019867
4.493379287981392	0.1421080533677601	0.9965473283901749	-1.065341489233930	1.559479476396218	0.2470933416948693	-0.008879349996214181	-0.009015483342714303	5.566558849782523	-0.002396113599094557	-2.173298925892706	-1.247479000000000	230.0300000000000	3806415936.016235
4.494027979957757	0.1449723351567524	0.9965372782821929	-1.062687341977547	1.561370723982712	0.2444391988449048	-0.008865645296897541	-0.008890313755723857	5.613986629992023	-0.002429004877269346	-2.185241247606679	-1.372544000000000	230.9500000000000	3806415939.018776
4.496569756139062	0.1478009847259730	0.9970142015882752	-1.063848588372003	1.557497777496425	0.2457612452440112	-0.008797121800365838	-0.008898536575250141	5.595099585228160	-0.002376013373581141	-2.217939876794459	-1.372461000000000	231.2900000000000	3806415942.016150
4.496283783475837	0.1501636745746457	0.9968040629668214	-1.065293065960897	1.561642077156976	0.2461449767131179	-0.008856508830709833	-0.008900363868535852	5.585538187254712	-0.002390631719434094	-2.201192666989815	-1.372500000000000	231.3000000000000	3806415945.020284
4.496950748471784	0.1518858982241926	0.9969794830334292	-1.065078358581544	1.559759965779664	0.2463953158259331	-0.008827272138849016	-0.008878436349649809	5.620337436398978	-0.002348603975122155	-2.242510675596650	-1.372556000000000	231.3200000000000	3806415948.017290
4.500456426152144	0.1539288117917130	0.9977149682084958	-1.064271607428904	1.561519648498982	0.2467105238491427	-0.008830926725303296	-0.008939650673213095	5.608163910122898	-0.002398854538947228	-2.277359128966163	-1.372529000000000	231.3500000000000	3806415951.015845
4.501995927564469	0.1556391580318479	0.9980776857420306	-1.064627016416076	1.560291707978860	0.2476835572833980	-0.008760575935590018	-0.008951528079250728	5.625170665139145	-0.002419868411108833	-2.295948261522573	-1.497922000000000	232.2300000000000	3806415954.016627
4.500688493424547	0.1570004913089870	0.9975779212814717	-1.063748087001872	1.560155574660147	0.2460545257165397	-0.008831840371930586	-0.008965232778537833	5.662378334788780	-0.002397940892349561	-2.283166291494083	-1.497911000000000	232.8500000000000	3806415957.020196
4.501616762526841	0.1582284321966703	0.9979616526771435	-1.062691910543427	1.560156488205355	0.2453427951436117	-0.008772453341604475	-0.008915895861060265	5.640718321598627	-0.002379667960047866	-2.229154020758065	-1.497940000000000	232.8100000000000	3806415960.015400
4.498937025058293	0.1589693995026155	0.9972279947944497	-1.065322303199259	1.560722035265297	0.2455876524072780	-0.008815394732790804	-0.008893054695640059	5.621425604349827	-0.002405250065278448	-2.197603848701076	-1.497891000000000	232.7900000000000	3806415963.021218
4.496239014592973	0.1595093645797333	0.9967501578421876	-1.062645313903785	1.559863207791212	0.2471947564493872	-0.008788898980774541	-0.008934168793469756	5.619379929887175	-0.002405250065229557	-2.150537159386186	-1.497922000000000	232.6700000000000	3806415966.021069
4.498309347036470	0.1596491524931200	0.9970059787726563	-1.065668575240972	1.560201256896129	0.2462591825422792	-0.008883918229250569	-0.008990814883955985	5.627706060419476	-0.002365963260810862	-2.118755840262919	-1.622748000000000	233.5200000000000	3806415969.016472
4.494307557064838	0.1597067122222038	0.9961005554080251	-1.067021688117878	1.563330495375566	0.2476680253085720	-0.008801690033443332	-0.008884831876010114	5.639346924762009	-0.002377840666814907	-2.104309205844205	-1.622756000000000	234.1800000000000	3806415972.016490
4.493941183143904	0.1594371865069423	0.9961572014712016	-1.064228666002479	1.562118086765765	0.2470540549218042	-0.008822703905745006	-0.008906759394824149	5.620195819364278	-0.002390631719393777	-2.093889941048563	-1.622727000000000	234.1600000000000	3806415975.021102
4.493751143804176	0.1590032044229187	0.9960895916538628	-1.064971461620948	1.559728901887632	0.2460901579350656	-0.008773366988260695	-0.008950614432638594	5.657104707059960	-0.002386977132917653	-2.073530165010289	-1.622775000000000	234.1800000000000	3806415978.017269
4.492383408752032	0.1581827498720061	0.9958639210473356	-1.062891085316279	1.560469868933257	0.2453035083469878	-0.008896709281984277	-0.008943305259693841	5.629684119247563	-0.002348603975116527	-2.091268679276164	-1.622748000000000	234.1600000000000	3806415981.019955
4.490695895970780	0.1570763239679925	0.9955925681317920	-1.063577235182487	1.561221799797139	0.2452048345553146	-0.008823617552374189	-0.008905845748192486	5.650031196666321	-0.002380581606652523	-2.107210044694402	-1.747985000000000	234.9300000000000	3806415984.016153
4.490329522054990	0.1558748788275997	0.9955971363626930	-1.062595063662056	1.561638422489521	0.2466785462346927	-0.008777935221347365	-0.008956096312405355	5.645759865737920	-0.002372358787128379	-2.107514290588279	-1.748045000000000	235.8900000000000	3806415987.019825
4.487827032898470	0.1542275741959831	0.9951339177492687	-1.062690996608529	1.560627016069140	0.2457219584254131	-0.008783417101084625	-0.008956096312406474	5.689548572363291	-0.002342208448852733	-2.095919159819395	-1.748047000000000	235.8300000000000	3806415990.021652
4.485958617311768	0.1524441362341887	0.9949246927739704	-1.065434681757667	1.562534709514843	0.2476926937857103	-0.008830013078686834	-0.008894881988825950	5.678730913065650	-0.002365963260844174	-2.069386764129634	-1.748058000000000	235.8200000000000	3806415993.020492
4.487625116105184	0.1507429264549286	0.9953193879238762	-1.062542985691790	1.560842636594133	0.2462856782683807	-0.008778848867956827	-0.008953355372551411	5.633522379727269	-0.002370531493900802	-2.036118942750079	-1.748024000000000	235.8800000000000	3806415996.019901
4.491056787983800	0.1485364701588238	0.9958127568612407	-1.063400900999335	1.561722478023318	0.2467269694916445	-0.008808999206433261	-0.008960664545594304	5.688462238253942	-0.002406163711886596	-2.024459857009975	-1.872989000000000	236.7500000000000	3806415999.016616
4.491808722481261	0.1460212013414481	0.9961699925177252	-1.061749939383127	1.562793271436425	0.2442153554487830	-0.008865645296888871	-0.008895795635518138	5.683887569952135	-0.002390631719416097	-2.007619463561744	-1.872936000000000	237.7700000000000	3806416002.021318
4.493520903835615	0.1432903119442761	0.9965710831908595	-1.063144165771293	1.561126780637080	0.2467141784374437	-0.008813567439510521	-0.008889400109183663	5.680744597966991	-0.002389718072781077	-2.006933312582872	-1.872983000000000	237.7400000000000	3806416005.018355
4.493069560408074	0.1403575066635180	0.9965345373436485	-1.063325982302190	1.562612369482151	0.2484464520795981	-0.008842804131375920	-0.008946046199620770	5.666154459790023	-0.002337640215745352	-2.035871343487244	-1.873010000000000	237.7500000000000	3806416008.016729
4.487890988444632	0.1373707962322863	0.9956638325338499	-1.061949114625003	1.559259287613066	0.2450769240395122	-0.008798949093607414	-0.008883918229423863	5.630990652513839	-0.002356826794678295	-2.086188787307125	-1.873000000000000	237.8200000000000	3806416011.022551
4.489820618639755	0.1344526092822441	0.9960804551920578	-1.064722035828074	1.562723834290256	0.2461988818560433	-0.008830013078700636	-0.008893968342185142	5.663278272837734	-0.002376927020183110	-2.069723901423810	-1.997975000000000	238.7300000000000	3806416014.016869
4.495096037596296	0.1314156482790007	0.9974326515388168	-1.063960053458382	1.561024452202665	0.2462893328551737	-0.008833667665197338	-0.008974369244802436	5.612106329448532	-0.002323935516530368	-2.034353772244407	-1.997943000000000	239.9800000000000	3806416017.020847
4.496222568881853	0.1279200367181993	0.9978127283497762	-1.064405000003067	1.562793271440470	0.2461340129728522	-0.008824531198945528	-0.008882090936134917	5.606058848470845	-0.002378754313409101	-2.003324396008018	-1.998005000000000	239.9200000000000	3806416020.017258
4.501059435606751	0.1243705200032469	0.9990160003690376	-1.066621510056257	1.560780508718978	0.2459366653159726	-0.008906759394771417	-0.008997210410282458	5.603126019749242	-0.002424436644148797	-1.970543557260684	-1.997991000000000	239.9800000000000	3806416023.022573
4.501851570755121	0.1205277227454693	0.9993513085171440	-1.066546591128594	1.562037685972147	0.2462354277030455	-0.008875695409696098	-0.008914068567766465	5.576704063266701	-0.002417127471219082	-1.956635067780694	-1.997984000000000	239.8600000000000	3806416026.020243
4.501332617161479	0.1162098292839633	0.9993549631018648	-1.067099347950212	1.562196660435680	0.2476177747383767	-0.008829099432060072	-0.008934168793449269	5.576229877127809	-0.002378754313451813	-1.951473860617103	-2.122668000000000	240.7100000000000	3806416029.016953
4.501689854582493	0.1118910221612131	0.9993330355935430	-1.070758508063057	1.562738452742809	0.2491179821539707	-0.008837322251616479	-0.008916809507704794	5.553410458633536	-0.002380581606662748	-1.955869429195996	-2.122677000000000	242.5800000000000	3806416032.017448
4.499489783721565	0.1074644047330786	0.9989895046298169	-1.065647560429146	1.560309067328987	0.2489763669904489	-0.008830926725326852	-0.008914068567844142	5.548460287016645	-0.002385149839777121	-1.950108868107675	-2.122632000000000	242.4700000000000	3806416035.018937
4.498193313399747	0.1030478374010827	0.9988561122875170	-1.065447473078536	1.563787318454389	0.2438480695881293	-0.008878436349558467	-0.008979851124562512	5.558760810458063	-0.002378754313443229	-1.925304194108839	-2.122622000000000	242.4000000000000	3806416038.022510
4.494449172919866	0.09860386065729845	0.9981982870378123	-1.066301733365341	1.560849032166802	0.2458590054042117	-0.009037410861463783	-0.009159839508678829	5.558108467908799	-0.002380581606649577	-1.928008596938789	-2.122673000000000	242.4500000000000	3806416041.021142
4.492877693762816	0.09458107495225843	0.9980365716639240	-1.064328254609733	1.564616909529966	0.2467936657354510	-0.008991728530461358	-0.009155271275603810	5.537982493422927	-0.002398854538926274	-1.904754387972444	-2.247497000000000	242.9900000000000	3806416044.016239
4.491480721892173	0.09037373263235825	0.9978319149195584	-1.071844834974717	1.568145411244676	0.2462637507913996	-0.008837322251635653	-0.008995383116999718	5.519241628005290	-0.002362308674356490	-1.874984947567832	-2.247593000000000	245.5100000000000	3806416047.017848
4.488791847998515	0.08614903101364263	0.9972526632413158	-1.067052752917334	1.563682249240180	0.2460079297996622	-0.008787985334186699	-0.008898536575290923	5.538567231556568	-0.002370531493896765	-1.879038811265174	-2.247606000000000	245.2300000000000	3806416050.016352
4.480311342684468	0.08168586763108772	0.9955075990370154	-1.065922568587323	1.561880538699355	0.2469818768224708	-0.008860163417168663	-0.008986246650805474	5.543360260273641	-0.002345863035288298	-1.903522790853704	-2.247570000000000	245.2300000000000	3806416053.022509
4.479474438697880	0.07756349439621824	0.9955660723925620	-1.067979191160212	1.564311751541165	0.2461385812143504	-0.008831840371933830	-0.008915895861048852	5.575032995795315	-0.002368704200625638	-1.961734148724843	-2.247564000000000	245.3200000000000	3806416056.017579
4.480260178244575	0.07334975649151032	0.9956802781650963	-1.065032676085782	1.563242785305603	0.2460289436128748	-0.008849199657729095	-0.008952441725941911	5.545988844583436	-0.002351344914969731	-1.982421005055063	-2.372588000000000	245.8600000000000	3806416059.016763
4.478133199570835	0.06898800782982253	0.9954098388957269	-1.065045467356803	1.563695953956384	0.2463386697609548	-0.008870213529981531	-0.008973455598144064	5.608451711039874	-0.002339467508992829	-2.000109264279765	-2.372586000000000	248.8300000000000	3806416062.022996
4.475786031105902	0.06464727302298724	0.9951266085798265	-1.065084754133089	1.563952688553704	0.2466337775828021	-0.008900363868461511	-0.009021878868993164	5.555916607822723	-0.002354085854820514	-2.007408412435121	-2.372557000000000	248.7300000000000	3806416065.017282
4.477410501924385	0.06019507331947144	0.9955505404074926	-1.065812931653102	1.561961853281169	0.2472386114777840	-0.008858336123899496	-0.008908586688020571	5.585474224818876	-0.002373272433728473	-2.001724595906610	-2.372632000000000	248.6100000000000	3806416068.022605
4.483516429131869	0.05613756891707811	0.9969840512643232	-1.064201256491357	1.564333679011622	0.2464090205461316	-0.008821790259110705	-0.008946959846129653	5.558969124408013	-0.002383322546461678	-2.006831897601835	-2.372644000000000	248.8100000000000	3806416071.016245
4.484869545737469	0.05250582380271681	0.9974874703096286	-1.067063715753234	1.563340545563751	0.2447936936493388	-0.008793467213890193	-0.008895795635432449	5.584464636163286	-0.002336726569122947	-2.046894529548914	-2.497967000000000	249.2300000000000	3806416074.022122
4.486197993783018	0.04885489209917030	0.9980256079097559	-1.065918000665836	1.563150507028545	0.2457575906351994	-0.008790726274100826	-0.008912241274543212	5.593470525210369	-0.002386977132975419	-2.102052491246316	-2.498007000000000	252.9200000000000	3806416077.018130
4.486822017177868	0.04527339752410496	0.9984687263071393	-1.066970523618143	1.561376206160735	0.2471673470485072	-0.008911327627948476	-0.008970714658262914	5.606738609022691	-0.002372358787118418	-2.156832208210503	-2.497944000000000	252.8900000000000	3806416080.017898
4.487259655841556	0.04175220361220870	0.9985948094799966	-1.065376207760951	1.562301729786234	0.2465835270056034	-0.008776107928146620	-0.008907673041477694	5.597221987052891	-0.002344035742042440	-2.133828325424596	-2.497998000000000	252.8700000000000	3806416083.020714
4.485264242816727	0.03866956004926966	0.9982101644381501	-1.064725690572988	1.563356077591383	0.2474889505881828	-0.008833667665198422	-0.008960664545449250	5.587334423992280	-0.002400681832160577	-2.097118780630538	-2.498030000000000	253.0400000000000	3806416086.017505
4.482551614053809	0.03523150795658975	0.9976336536984545	-1.064124510443207	1.562040426885818	0.2461513722475022	-0.008794380860476392	-0.008939650673342299	5.580680286169360	-0.002339467509000608	-2.062315112320150	-2.622918000000000	253.4400000000000	3806416089.019061
4.477924887225684	0.03182726077761026	0.9965902697606467	-1.067166044303476	1.564515494578377	0.2458855011190423	-0.008813567439525419	-0.008902191161753885	5.572843877697747	-0.002359567734514307	-2.052288718296697	-2.622885000000000	257.9000000000000	3806416092.021101
4.473444344570047	0.02890176440177994	0.9957031193195980	-1.064747618293950	1.562048649797523	0.2467306240778008	-0.008807171913165438	-0.008970714658414324	5.613221002005795	-0.002402509125416113	-2.048775734382872	-2.622917000000000	257.9700000000000	3806416095.018776
4.466716221471730	0.02610600583434603	0.9943189453563992	-1.066747593397853	1.563034474035970	0.2460061024495804	-0.008817222026057265	-0.008924118680623932	5.556496776533496	-0.002424436644161156	-2.037670320417413	-2.622902000000000	258.0200000000000	3806416098.021486
4.471345689102447	0.02318050944373953	0.9951750318273797	-1.065340575277008	1.561824806245196	0.2466136773460636	-0.008771539695022323	-0.008920464094172718	5.541442505286991	-0.002404336418589962	-2.066795652560459	-2.622955000000000	257.9600000000000	3806416101.021785
4.472779206915481	0.02070544081766770	0.9953970478492020	-1.065159673167251	1.562828903534766	0.2460298572697548	-0.008820876612476641	-0.008920464094266358	5.569162766191393	-0.002361395027738663	-2.015497868145154	-2.748242000000000	258.3500000000000	3806416104.019003
4.468538954424602	0.01860770823116157	0.9946789219514591	-1.068859947592947	1.563806505124941	0.2458617463244713	-0.008787985334168113	-0.008916809507712080	5.536720740603801	-0.002388804426190923	-1.944357445394621	-2.748237000000000	264.3100000000000	3806416107.017567
4.469524783429657	0.01686172958156150	0.9947465317688052	-1.065798313337587	1.560469868924957	0.2466675824807005	-0.008781589807820837	-0.008924118680707223	5.522720822527241	-0.002375099726958741	-1.869695830055185	-2.748298000000000	264.2700000000000	3806416110.022369
4.468466776027765	0.01533502611338462	0.9945528387785691	-1.065260174601200	1.560261557645655	0.2467004737350012	-0.008797121800347446	-0.008938737026726901	5.536121386552217	-0.002359567734480988	-1.826981805279481	-2.748274000000000	264.3200000000000	3806416113.020408
4.466110471121898	0.01407328015759275	0.9938767406050917	-1.067286645683977	1.560845377591537	0.2455684658091568	-0.008803517326678986	-0.008935996086805188	5.513739606652322	-0.002382408899891679	-1.788650560448140	-2.748306000000000	264.3000000000000	3806416116.019022
4.465693846449107	0.01308562818104499	0.9939827235620182	-1.063024478025291	1.560308153565426	0.2459348380428506	-0.008810826499665404	-0.008910413981366633	5.505497535150563	-0.002388804426170502	-1.741014716627783	-2.872957000000000	264.7100000000000	3806416119.019155
4.465128296729467	0.01247439860408897	0.9939105455137646	-1.069949929401758	1.561388997011776	0.2460408210051133	-0.008731339243742781	-0.008924118680710845	5.505344051947816	-0.002418041117850352	-1.695684014156909	-2.872951000000000	272.6700000000000	3806416122.020643
4.466227418399537	0.01215096770675589	0.9940795700571393	-1.066013020253860	1.561029934087117	0.2466255547544075	-0.008823617552371758	-0.008913154921186779	5.528073923819703	-0.002379667960021004	-1.645662642533580	-2.872977000000000	272.6600000000000	3806416125.018326
4.466645870376894	0.01195636098032561	0.9941892075987822	-1.069473005256420	1.561285755072856	0.2474076360796828	-0.008750525822789037	-0.008957923605616640	5.538672304258004	-0.002368704200641763	-1.604661733364257	-2.872977000000000	272.6500000000000	3806416128.023805
4.470316918508813	0.01210345808336396	0.9949411384052173	-1.067960004153923	1.561197131432180	0.2467626017031376	-0.008787071687571660	-0.008908586688196345	5.524711674564561	-0.002302007997774305	-1.573034864231457	-2.872997000000000	253.0100000000000	3806416131.019984
4.471610647775544	0.01240313416903835	0.9952435552909069	-1.068055937756762	1.557648529284603	0.2465661677329159	-0.008777021574761750	-0.008912241274626507	5.503614495351719	-0.002356826794661088	-1.529124902386018	-2.935694000000000	273.0700000000000	3806416134.017305
4.476738055064832	0.01305273690345063	0.9961106055160054	-1.066794189441895	1.560690971318202	0.2475044826133823	-0.008868386236730780	-0.008933255146817316	5.485903321510127	-0.002404336418634028	-1.495844333549825	-2.935655000000000	277.9300000000000	3806416137.023678
4.481571266910620	0.01386131414616801	0.9971713487312742	-1.065710602771227	1.556530226285670	0.2461988818613617	-0.008813567439551896	-0.008949700786011818	5.487298468449832	-0.002410731944913658	-1.465989949944508	-2.935680000000000	277.9200000000000	3806416140.017363
4.478289433839119	0.01515686502628866	0.9965171780662162	-1.067607336237789	1.563076501715154	0.2464793713117229	-0.008866558943500257	-0.008865645297010014	5.474979684551958	-0.002366876907394834	-1.429785710438545	-2.935699000000000	277.9400000000000	3806416143.018199
4.471860074393134	0.01698507187244353	0.9952170595516798	-1.067468461539441	1.560727517184757	0.2459476290964608	-0.008842804131392429	-0.009024619808904576	5.493922456247927	-0.002381495253276535	-1.404245579314077	-2.935721000000000	277.9500000000000	3806416146.023114
4.472051941022020	0.01899143980223718	0.9953404017860207	-1.066162859037834	1.557522446078035	0.2467488969689747	-0.008766057815311541	-0.008879349996257679	5.488585803778194	-0.002390631719398357	-1.377407155125053	-2.998555000000000	278.2100000000000	3806416149.023056
4.473639865795768	0.02124449230922943	0.9956775372265527	-1.066133622141307	1.562861794902706	0.2466273820332784	-0.008792553567250744	-0.008846458717973422	5.519690230694679	-0.002314799050414204	-1.361208169600839	-2.998558000000000	284.1500000000000	3806416152.018750
4.473955075258867	0.02376341597067634	0.9956583506567697	-1.065461177173938	1.559529726931550	0.2470577094928610	-0.008762403228824326	-0.008890313755698912	5.504609467064885	-0.002305662584238641	-1.347087732999320	-2.998552000000000	284.0300000000000	3806416155.017806
4.476711559194732	0.02631431725730513	0.9962540479663049	-1.068599557881042	1.561975558022427	0.2471472468480689	-0.008860163417175704	-0.008922291387452959	5.551448852767677	-0.002370531493868815	-1.338686735399137	-2.998566000000000	283.9900000000000	3806416158.021967
4.485618739296313	0.02908175277975857	0.9981389000360738	-1.067810166174867	1.560574938449764	0.2468055430997028	-0.008773366988269618	-0.008881177289514963	5.508533607499425	-0.002356826794638801	-1.327914820641456	-2.998600000000000	284.0700000000000	3806416161.018769
4.496170490794666	0.03227220666562440	1.000470525087733	-1.067584495137013	1.560712898953034	0.2456543485735998	-0.008783417101101679	-0.008952441725939184	5.569126213953236	-0.002365049614190885	-1.303206114460958	-3.029971000000000	284.2600000000000	3806416164.021357
4.495205675683112	0.03587928338486378	1.000294191374980	-1.065492241078447	1.558444315151774	0.2452377257995449	-0.008819049319256681	-0.008895795635542747	5.519998134436652	-0.002410731944965256	-1.286156523709992	-3.029943000000000	287.5500000000000	3806416167.023579
4.487306252026652	0.03945620975602034	0.9986295280348441	-1.064293535075927	1.562530141290081	0.2463222241422485	-0.008808085559807319	-0.008939650673208207	5.553603233358386	-0.002396113599088659	-1.270351321954884	-3.029993000000000	287.5500000000000	3806416170.018473
4.488075545877497	0.04273163274507045	0.9986030322956206	-1.063352477424651	1.561960025962789	0.2458489552955337	-0.008860163417139997	-0.008955182665839183	5.619821222677943	-0.002390631719414480	-1.255730209058825	-3.029984000000000	287.6200000000000	3806416173.019016
4.486857649554575	0.04659635776624796	0.9982366601773777	-1.063671340702348	1.561233677218469	0.2464592710926901	-0.008827272138827939	-0.008923205034099969	5.619061976804393	-0.002348603975129690	-1.237731338740995	-3.030013000000000	287.5100000000000	3806416176.023748
4.484982838416690	0.05053051991445039	0.9975897986818113	-1.064725690909948	1.559490440152017	0.2467890974633328	-0.008819962965865596	-0.008872040823437182	5.645835695110163	-0.002377840666820554	-1.227826478620720	-3.061342000000000	287.6200000000000	3806416179.022895
4.483939449377473	0.05426093886430586	0.9970379563889624	-1.064483573929680	1.560855427653310	0.2453848228752596	-0.008850113304387494	-0.008940564319802436	5.678706234153440	-0.002404336418629470	-1.219734296706922	-3.061301000000000	291.3500000000000	3806416182.023017
4.480346061405707	0.05837965759321277	0.9960493912219309	-1.060837204708336	1.561632026985736	0.2468941667919460	-0.008823617552335265	-0.008873868116585117	5.695886593659230	-0.002390631719425503	-1.206826275318001	-3.061298000000000	291.2500000000000	3806416185.022993
4.479002994970878	0.06300270921062635	0.9957241331817488	-1.060910296532552	1.561549798858642	0.2469361945239252	-0.008814481086186239	-0.008886659169333176	5.686622140168469	-0.002376013373577377	-1.191834223105351	-3.061363000000000	291.3100000000000	3806416188.023308
4.478743518191241	0.06772717557833004	0.9955825180238064	-1.064016699953511	1.561015315788771	0.2462299458289032	-0.008790726274040773	-0.008861077063886551	5.719225893058060	-0.002381495253263905	-1.176024456243040	-3.061329000000000	291.3400000000000	3806416191.017469
4.481920281456683	0.07252382000519596	0.9960210681903400	-1.062046875081693	1.563111220375965	0.2464885078091112	-0.008786158040957316	-0.008888486462563386	5.682377298668205	-0.002388804426204374	-1.171363937048394	-3.092526000000000	291.4000000000000	3806416194.018749
4.484638392122606	0.07730127783559115	0.9964742366957561	-1.062218640738018	1.561172462898256	0.2467470697038070	-0.008841890484783231	-0.008873868116565582	5.670984942711014	-0.002388804426187702	-1.167635339322315	-3.092536000000000	295.5100000000000	3806416197.023334
4.490447382995890	0.08171144973443743	0.9976510129758770	-1.061805671791694	1.562203969528157	0.2469553810950635	-0.008820876612467186	-0.008951528079329944	5.671439029270585	-0.002371445140491214	-1.165816265845187	-3.092540000000000	295.6200000000000	3806416200.020143
4.495398455971076	0.08610700327246200	0.9987218062990387	-1.064553924827778	1.561450211455667	0.2457429722900581	-0.008800776386861199	-0.008835494958543542	5.645147713963604	-0.002355913148066109	-1.168188096207050	-3.092543000000000	295.7700000000000	3806416203.022537
4.496338602516469	0.09053727536329705	0.9986971378521733	-1.063312277165051	1.561421888361676	0.2468411753071060	-0.008762403228821075	-0.008914068567925298	5.660290622112955	-0.002348603975173212	-1.170053765684295	-3.092565000000000	295.5800000000000	3806416206.023199
4.495164561396522	0.09500226600660192	0.9982768606093062	-1.064344699725883	1.560480832735872	0.2471107009994450	-0.008846458717847746	-0.008945132552856713	5.638826148051608	-0.002378754313454773	-1.189464219910383	-3.123683000000000	295.5100000000000	3806416209.020545
4.496244496497770	0.09943071077206868	0.9983590887655175	-1.064187551732481	1.562178387397089	0.2454323324966276	-0.008807171913225763	-0.008879349996358735	5.614921294364653	-0.002352258561581916	-1.198258998093715	-3.123665000000000	300.0100000000000	3806416212.019160
4.496503973289323	0.1042282687208249	0.9984815173536606	-1.062956867686870	1.561845820184677	0.2477593899737235	-0.008801690033491480	-0.008952441725887458	5.639947194658597	-0.002397940892318127	-1.190529535022218	-3.123666000000000	300.1100000000000	3806416215.019592
4.495807771472681	0.1090066400740897	0.9980822539729307	-1.065494068730690	1.561151449081199	0.2465542903166048	-0.008830926725318156	-0.008912241274601645	5.599220149264205	-0.002325762809768715	-1.185961293098727	-3.123688000000000	300.0900000000000	3806416218.023589
4.499942954465980	0.1138051116322620	0.9989831091065516	-1.065140486954191	1.561844906627469	0.2496780474388599	-0.008799862740223386	-0.008866558943623695	5.615108592934441	-0.002386977132937802	-1.188677568979301	-3.123713000000000	300.0500000000000	3806416221.021925
4.501422154930069	0.1185597281394578	0.9991210696797531	-1.066427816641245	1.563394450648007	0.2462409096108314	-0.008830013078705493	-0.008940564319883583	5.606108188044706	-0.002343122095444235	-1.188982727182495	-3.136189000000000	300.1300000000000	3806416224.023519
4.496622747883097	0.1230064457519794	0.9978794245209198	-1.066640696843175	1.560713812468779	0.2473372852831573	-0.008863818003628640	-0.008927773267161737	5.574342263262098	-0.002357740441292088	-1.182953563220562	-3.136201000000000	302.0400000000000	3806416227.019797
4.492534161111622	0.1270438497101138	0.9968296450598705	-1.065275706636300	1.559995686558747	0.2468959941031909	-0.008772453341619598	-0.008896709281991219	5.582424452248556	-0.002375099726985881	-1.193825063336035	-3.136207000000000	302.1200000000000	3806416230.019382
4.491562036801141	0.1308802514225421	0.9962659253666533	-1.069247334069721	1.563989234362511	0.2465880952331782	-0.008807171913202754	-0.008898536575295017	5.555150050149217	-0.002339467508960841	-1.216163760627964	-3.136227000000000	302.0400000000000	3806416233.023488
4.492715063944387	0.1346453886957019	0.9964358635561843	-1.069033540632002	1.561152362733671	0.2468073703777700	-0.008805344619940581	-0.008898536575262024	5.568652030994040	-0.002279166832412513	-1.213245567667731	-3.136252000000000	301.9200000000000	3806416236.023794
4.491887296438525	0.1381812006845379	0.9962083656573002	-1.066652573982333	1.566130821259383	0.2461486313080774	-0.008860163417180066	-0.008926859620508012	5.520941940678951	-0.002344035742042983	-1.215435582197355	-3.148885000000000	304.1100000000000	3806416239.023625
4.492104745297568	0.1417526448772064	0.9961042099927498	-1.066768607282916	1.561865006732631	0.2452258484398946	-0.008787985334177019	-0.008922291387401495	5.561906523849675	-0.002418041117845527	-1.212953200032505	-3.148863000000000	304.1300000000000	3806416242.021608
4.488564348981941	0.1453286572926145	0.9952600009221512	-1.065798313049457	1.561149621777614	0.2456241982648675	-0.008840976838154839	-0.008980764771122635	5.541468999744457	-0.002344949388663492	-1.215816573195331	-3.148855000000000	304.1400000000000	3806416245.022819
4.487703690060076	0.1488891377075707	0.9950553441777612	-1.064568543125020	1.556870102596016	0.2464830258954304	-0.008803517326705746	-0.008933255146859258	5.515373221954825	-0.002346776681907483	-1.222201147543777	-3.148878000000000	304.1600000000000	3806416248.018063
4.489197508885346	0.1519288396094521	0.9951174721180256	-1.064253334725413	1.560341044844477	0.2484409701873437	-0.008778848868018165	-0.008889400109108698	5.500159972680581	-0.002315712697022072	-1.213737111552770	-3.148899000000000	304.0100000000000	3806416251.019126
4.490948063555966	0.1549338229370507	0.9955870862547083	-1.066184786328294	1.562269752112849	0.2468155931871944	-0.008775194281507690	-0.008873868116594181	5.570580755952083	-0.002314799050385173	-1.192226178382525	-3.161483000000000	306.1500000000000	3806416254.018931
4.494723268120627	0.1579187060351150	0.9962275522270845	-1.066215850648991	1.559868689693970	0.2459019467743993	-0.008784330747683514	-0.008879349996232265	5.558137705097778	-0.002374186080356241	-1.163657315755396	-3.161480000000000	306.4900000000000	3806416257.019236
4.494490287198388	0.1604321475368027	0.9959297035723161	-1.065363416767343	1.557992060266692	0.2472276477335189	-0.008874781763112906	-0.008894881988801616	5.514260386695341	-0.002398854538972485	-1.162769249881877	-3.161509000000000	306.4000000000000	3806416260.020807
4.494165941209316	0.1625755622049089	0.9958520436469912	-1.061770039397048	1.559200814254737	0.2462281185521342	-0.008781589807807336	-0.008871127176739163	5.520966605233288	-0.002443623223067219	-1.178895138526056	-3.161515000000000	306.3300000000000	3806416263.018156
4.496143994923528	0.1645426430972991	0.9963033848600435	-1.063667686671724	1.557595537751420	0.2467543789047568	-0.008800776386855771	-0.008849199657852616	5.501773483604505	-0.002388804426179902	-1.172679590159384	-3.161543000000000	306.2900000000000	3806416266.019183
4.496162267935722	0.1661616246749494	0.9962695799513783	-1.067926199234344	1.563249180979104	0.2461075172246752	-0.008796208153765578	-0.008914068567833814	5.558050901667422	-0.002337640215753954	-1.148979559283596	-3.174145000000000	308.3200000000000	3806416269.023669
4.495254099162787	0.1676399046915352	0.9960731460226201	-1.068809696850657	1.565964537630860	0.2457173902067151	-0.008772453341650173	-0.008825444845673887	5.531173038648655	-0.002289216945190596	-1.100909797972605	-3.174148000000000	308.7300000000000	3806416272.024456
4.494335880234539	0.1687920129110972	0.9958456481237324	-1.066434212219066	1.564099785586972	0.2461769543418196	-0.008835494958448134	-0.008918636800969798	5.552785515671809	-0.002339467508978050	-1.043721833363128	-3.174170000000000	308.8000000000000	3806416275.024633
4.492612735070580	0.1697294142054231	0.9955761225005393	-1.062891999108814	1.557739893866967	0.2459704702482731	-0.008823617552336611	-0.008901277515297231	5.537474504490698	-0.002377840666818935	-0.9938375743814856	-3.174160000000000	308.8300000000000	3806416278.024422
4.489088784457698	0.1704137354229159	0.9948726149416933	-1.064471696555848	1.563716967721498	0.2460362528048874	-0.008792553567292909	-0.008935996086770186	5.558646605301170	-0.002345863035308189	-0.9562208676220924	-3.174185000000000	308.7800000000000	3806416281.023303
4.490667572800790	0.1709052772317931	0.9951549316114163	-1.062019465172723	1.557484072909100	0.2462966420213798	-0.008865645296915414	-0.008933255146890128	5.519893990375142	-0.002333071982701638	-0.9137974627024563	-3.186595000000000	310.4800000000000	3806416284.024150
4.490151360175644	0.1710395832649700	0.9952252823673022	-1.064783249904057	1.561000697373384	0.2431646620447991	-0.008820876612505343	-0.008874781763249419	5.583483383253340	-0.002364135967575211	-0.8754927847344075	-3.186602000000000	310.9700000000000	3806416287.025573
4.490141310018445	0.1705416459308746	0.9951594998423221	-1.063826661069195	1.557619292663158	0.2463459789117499	-0.008838235898259716	-0.009023706162357509	5.594262662159018	-0.002385149839769327	-0.8117722623291347	-3.186582000000000	310.9900000000000	3806416290.019608
4.488872249250996	0.1699258481998135	0.9947209496757550	-1.065570814776915	1.561886934305792	0.2462920738186222	-0.008795294507168429	-0.008844631424761839	5.573528197581391	-0.002328503749608476	-0.7610529489133145	-3.186635000000000	311.0400000000000	3806416293.023642
4.485456109455574	0.1688623636904970	0.9939699325154908	-1.064441546472846	1.562874585937619	0.2475995018790285	-0.008759662288947043	-0.008875695409818684	5.578607201343929	-0.002362308674341453	-0.7195048322892597	-3.186606000000000	311.1300000000000	3806416296.024817
4.482305842025725	0.1676042724785721	0.9934381904384934	-1.064524688002662	1.560531996915719	0.2485231983879090	-0.008766971461912923	-0.008916809507802777	5.556669455931488	-0.002320280930052084	-0.6943393287087541	-3.199294000000000	312.6900000000000	3806416299.021108
4.480992926056599	0.1662073069992943	0.9931540464763783	-1.065841254740084	1.561367983287725	0.2468676710509150	-0.008745957589652060	-0.008894881988814909	5.583744678290657	-0.002303835291016955	-0.6874979388166662	-3.199324000000000	313.8000000000000	3806416302.019733
4.477920318972644	0.1644403146906039	0.9924021156698593	-1.064565802146754	1.556973344661726	0.2463605972721643	-0.008833667665190845	-0.008871127176694043	5.557445149775753	-0.002387890779581160	-0.6342058042834096	-3.199352000000000	313.7400000000000	3806416305.019837
4.478623829961373	0.1625536346891930	0.9926789504625394	-1.068359268300039	1.561107594134035	0.2465213990395705	-0.008851026950959609	-0.008932341500375638	5.551578577226851	-0.002328503749605256	-0.5994872077647346	-3.199317000000000	313.6000000000000	3806416308.019545
4.483047726348967	0.1604769162148426	0.9937561393092763	-1.064296275853135	1.562012103844180	0.2470339547061166	-0.008828185785511523	-0.008870213530037228	5.531255260208185	-0.002355913148058325	-0.5790461781342862	-3.199330000000000	313.6200000000000	3806416311.019065
4.484834827011567	0.1578611463060267	0.9942284943845414	-1.066669933571743	1.561341487480152	0.2455712067516312	-0.008842804131382930	-0.008907673041542620	5.529833617733694	-0.002355913148044602	-0.5786450870182195	-3.212002000000000	315.2400000000000	3806416314.019591
4.482266555048531	0.1548716949753728	0.9937058887693565	-1.065854045565554	1.559052803580210	0.2470513139813385	-0.008808085559832233	-0.008905845748318554	5.541582294941227	-0.002365963260817576	-0.5606087776173542	-3.211993000000000	316.4700000000000	3806416317.024610
4.480586351525597	0.1518466114246171	0.9934537224235591	-1.068121720201731	1.562226810748274	0.2469398491220666	-0.008857422477315215	-0.008962491838712776	5.486340957881198	-0.002366876907427352	-0.5459173310406833	-3.212007000000000	316.4700000000000	3806416320.019486
4.477383092401728	0.1487000128821346	0.9929786264097339	-1.070606842337975	1.565286612072197	0.2468338661300612	-0.008838235898277274	-0.008921377740832114	5.506109684019457	-0.002371445140501148	-0.5228714948624469	-3.212008000000000	316.6300000000000	3806416323.021158
4.474926285871958	0.1450984183738541	0.9925144941500540	-1.065411840035622	1.561886934289461	0.2472367841940723	-0.008834581311785715	-0.008908586688124444	5.530487792182685	-0.002323021869920065	-0.5126852430786358	-3.212051000000000	316.5100000000000	3806416326.024619
4.470611114005432	0.1411441563047887	0.9915286699213035	-1.068131770248247	1.561656695462952	0.2461221355610897	-0.008827272138862837	-0.008906759394886095	5.524387328088606	-0.002364135967594822	-0.4976740210916003	-3.224569000000000	317.9100000000000	3806416329.024774
4.475127289011677	0.1374804338131027	0.9926515410771245	-1.065602792518784	1.559738038258520	0.2466319502696501	-0.008824531198998047	-0.008916809507796370	5.534065659971661	-0.002355913148070674	-0.5132882514198347	-3.224547000000000	319.5200000000000	3806416332.024407
4.479041368297411	0.1338011793201533	0.9936200060283986	-1.063394506012026	1.562095245849654	0.2469115260956629	-0.008787985334179666	-0.008935082440199155	5.559131756710836	-0.002339467508999545	-0.5250651628779435	-3.224573000000000	319.4000000000000	3806416335.024120
4.481601417382920	0.1298606219140448	0.9943929506970066	-1.064598693626043	1.561011661172666	0.2464665802723117	-0.008834581311831392	-0.008904932101659289	5.570635574068014	-0.002332158336074131	-0.5279513739749564	-3.224579000000000	319.3900000000000	3806416338.024421
4.481827089090362	0.1257738810530262	0.9946387215195239	-1.066705565972194	1.562001140127319	0.2460490438538778	-0.008850113304365284	-0.008956096312367936	5.599370901411568	-0.002345863035293950	-0.5304310119274660	-3.224591000000000	319.3200000000000	3806416341.024926
4.479918472906445	0.1215181155727187	0.9944030008049910	-1.066279805937964	1.565218088654910	0.2457228720703191	-0.008745957589668025	-0.008946959846235662	5.598721294057204	-0.002370531493882265	-0.5565923847823282	-3.237161000000000	320.7400000000000	3806416344.021790
4.480925315908756	0.1167781174211321	0.9948625648337110	-1.065058258154743	1.563371609554893	0.2464062796054940	-0.008903104808315776	-0.008911327627969728	5.564417244719642	-0.002405250065243519	-0.5830598304524000	-3.237140000000000	322.0900000000000	3806416347.024939
4.484472107705741	0.1119074677986094	0.9955806907314435	-1.066644351079606	1.563051833297974	0.2474999143948220	-0.008853767890850673	-0.008882090936133605	5.549796041712605	-0.002366876907427877	-0.5698092047150652	-3.237179000000000	322.3100000000000	3806416350.020342
4.482513240725846	0.1072177201698304	0.9952645691530526	-1.066190268256101	1.564414079870954	0.2472267340632454	-0.008756921349099760	-0.008856508830801978	5.537414205344149	-0.002351344915005753	-0.5569231247728097	-3.237171000000000	322.1800000000000	3806416353.021032
4.481604158334832	0.1022867698387497	0.9951969593357133	-1.066672674615732	1.564294392216412	0.2459183923940930	-0.008728598303861714	-0.008848286011186906	5.513273644846789	-0.002373272433733305	-0.5767529239636061	-3.237196000000000	322.4500000000000	3806416356.024755
4.482650288319161	0.09753946244216585	0.9955258719606254	-1.067272027039257	1.565411781539535	0.2449910412711862	-0.008748698529520919	-0.008777935221507563	5.554250102744278	-0.002320280930080308	-0.6140032355231926	-3.249750000000000	323.5400000000000	3806416359.019996
4.476037285034370	0.09326999216767648	0.9942467673081439	-1.068027614272408	1.565410867994607	0.2471929291657778	-0.009009087816232204	-0.009125120937189318	5.547123603960810	-0.002299267057952011	-0.6148821647294493	-3.249749000000000	325.2700000000000	3806416362.024251
4.474558998318968	0.08878855588040947	0.9940402832713797	-1.066079717862266	1.563556166076659	0.2462573552193949	-0.008829099432117415	-0.009000864996932341	5.569787703561041	-0.002296526118092633	-0.6063888997384812	-3.249765000000000	325.5600000000000	3806416365.021770
4.473465358526685	0.08457207707527833	0.9938822224821741	-1.063207207370408	1.561677709291459	0.2472112020682052	-0.008808999206404341	-0.008844631424764016	5.620192164293309	-0.002356826794649277	-0.6511658386942413	-3.249796000000000	325.1300000000000	3806416368.018934
4.474048267623367	0.08076491190974645	0.9941106340272695	-1.062774139176081	1.562206710579183	0.2461522859099942	-0.008875695409736073	-0.008970714658215837	5.657156788831808	-0.002365963260815972	-0.6888236403268236	-3.249817000000000	325.1800000000000	3806416371.019051
4.477470802862324	0.07699977447359273	0.9949986981145796	-1.061474930753079	1.561753541869789	0.2461093445115138	-0.008928686913700142	-0.009043806387882689	5.681846466887437	-0.002373272433719611	-0.7655316498292559	-2.991581000000000	321.4300000000000	3806416374.020433
