2.064058971256143	1.115870433001596	0.1840042268107114	2.433426245724915	2.497542333252661	0.2020935131130981	-0.008632665408803784	-0.008809912853101860	-0.002477428147835923	-0.002185974877763304	5.990882006212629	0.0004960000000000000	44.04000000000000	3805209584.249857
2.052314958440285	1.112783222561676	0.1827132443343605	2.433543192344948	2.499408913940288	0.2011369252789031	-0.008588810371070538	-0.008894881988776963	-0.002454586982459907	-0.002253584727219313	5.986870145187440	0.0004900000000000000	44.04500000000000	3805209587.251029
2.039132866080299	1.109775499339718	0.1815017491084870	2.432387429170033	2.498430398307314	0.2024580580685376	-0.008561400972513778	-0.008885745522540827	-0.002437227696782759	-0.002247189200960897	5.984508345907037	0.0004770000000000000	44.05100000000000	3805209590.247608
2.018053213298323	1.102775142316058	0.1784830611424970	2.433615370774825	2.499065382486950	0.2015032975041010	-0.008503841235458932	-0.008850113304385785	-0.002470118974938746	-0.002228002622033050	5.981816716966734	0.0004520000000000000	44.05100000000000	3805209593.251853
1.984510508865332	1.089582091494457	0.1748074613482573	2.431741481020674	2.498933817932948	0.2017490684085179	-0.008558660032569176	-0.008884831875942150	-0.002468291681663851	-0.002245361907672313	5.976492846924535	0.0004200000000000000	44.05300000000000	3805209596.251397
1.958293422754031	1.081761280205770	0.1727042471465544	2.430400247336832	2.499095533197622	0.2014877655280678	-0.008501100295589550	-0.008880263642823570	-0.002465550741835089	-0.002216125216105565	5.973090394237833	0.0003780000000000000	44.05000000000000	3805209599.247632
1.938169445478646	1.079256976030506	0.1695421166606794	2.433390613425897	2.498892703510622	0.2015307069032099	-0.008590637664279139	-0.008833667665239202	-0.002464637095237160	-0.002247189200962512	5.973900806609723	-0.1229600000000000	44.34500000000000	3805209602.250447
1.905953357721056	1.069483702859646	0.1659268175134127	2.432719082891970	2.500406616417241	0.2011606800916366	-0.008550437213037096	-0.008857422477328989	-0.002454586982450753	-0.002206988749859108	5.970572360015405	-0.1230170000000000	44.54800000000000	3805209605.252207
1.856178813771759	1.048543846095238	0.1605034119472334	2.434102344326721	2.499877615114401	0.2022506603196617	-0.008589724017697789	-0.008809912853110518	-0.002429918523851711	-0.002206075103237771	5.969125129907670	-0.1230620000000000	44.54700000000000	3805209608.248342
1.782032754263094	1.011661777140169	0.1527237120465834	2.434223859466226	2.499318463050157	0.2019957529542115	-0.008575105671775229	-0.008830013078810648	-0.002415300178029649	-0.002223434388969194	5.970290040522038	-0.1231120000000000	44.55000000000000	3805209611.247397
1.687284886906976	0.9603267391630035	0.1429769311762593	2.432062171393503	2.500981300409269	0.2024589717071307	-0.008551350859615729	-0.008841890484788287	-0.002427177584014633	-0.002203334163427014	5.969831385549798	-0.1231640000000000	44.54600000000000	3805209614.250105
1.573384257211484	0.8959439197254700	0.1322351891816205	2.433226157071372	2.499805437118359	0.2026965197706267	-0.008506582175309458	-0.008918636800959256	-0.002460982508753496	-0.002266375779826389	5.970391456219504	-0.2484190000000000	44.81700000000000	3805209617.248651
1.447165854407967	0.8221149116300172	0.1193692189412337	2.434950208792253	2.498984982021150	0.2022479193745397	-0.008534905220444840	-0.008880263642841436	-0.002462809802006082	-0.002224348035575724	5.971006346332912	-0.2484880000000000	45.08200000000000	3805209620.253118
1.317574274865675	0.7441397758950056	0.1067910472244577	2.433694857995385	2.501224330512502	0.2021391954470350	-0.008486481949658554	-0.008818135672727458	-0.002474687207983528	-0.002302921644456922	5.973847814545730	-0.2485440000000000	45.08200000000000	3805209623.250458
1.199713002231086	0.6732919928465217	0.09539696129687343	2.434502521982087	2.501578825517816	0.2020249896224199	-0.008559573679244831	-0.008876609056343342	-0.002476514501211920	-0.002225261682171249	5.973568235996216	-0.2486050000000000	45.08100000000000	3805209626.251894
1.078312265889737	0.5977371025199262	0.08362005735451095	2.433696685041615	2.500957545782351	0.2022387829281658	-0.008612565183225101	-0.008842804131449968	-0.002477428147835116	-0.002243534614442050	5.976499242468594	-0.2486590000000000	45.08700000000000	3805209629.251223
0.9095791752537010	0.4839168754776249	0.06761479702195174	2.432239418748389	2.500501635847798	0.2028152938135795	-0.008574192025119552	-0.008897622928653605	-0.002491132847045799	-0.002226175328779131	5.978680137986113	-0.3732020000000000	45.30600000000000	3805209632.252423
0.7246453062695747	0.3547272832795872	0.05024454851543424	2.433745108368646	2.500249469245806	0.2023118746199736	-0.008552264506275695	-0.008853767890896595	-0.002466464388460447	-0.002238052734797974	5.983375413165642	-0.3732630000000000	45.65300000000000	3805209635.251311
0.5894009939012512	0.2596130386512306	0.03791306066136022	2.432232109330863	2.500753802366022	0.2031021788329971	-0.008520286874523645	-0.008890313755712679	-0.002476514501216217	-0.002229829915268455	5.983929088329487	-0.3733210000000000	45.65400000000000	3805209638.250775
0.4585641039693854	0.1647664862088898	0.02641938659609790	2.432251295964741	2.500096890387830	0.2021940142333391	-0.008639060935145906	-0.008893054695506674	-0.002469205328275774	-0.002316626343659001	5.983588294811433	-0.3733760000000000	45.65000000000000	3805209641.252072
0.3631903897881526	0.09507353036646250	0.01879774670877509	2.432850648484778	2.501057132917228	0.2034977877072948	-0.008547696273170369	-0.008854681537474372	-0.002467378035099792	-0.002238052734812737	5.979388220977492	-0.3734280000000000	45.65200000000000	3805209644.252263
0.3098809507472331	0.05680361722854355	0.01443965243190513	2.433307471780764	2.500355452220740	0.2030875604828849	-0.008534905220490262	-0.008861990710463489	-0.002448191456171676	-0.002233484501719864	5.981274005727160	-0.4987320000000000	45.81300000000000	3805209647.246578
0.2747384553691991	0.03171396858520240	0.01143558240314501	2.434549117732689	2.500230282666250	0.2012228080485366	-0.008780676161233030	-0.009046547327707780	-0.002427177584015691	-0.002257239313695161	5.983932742898452	-0.4988000000000000	46.26500000000000	3805209650.252421
0.2494267948068993	0.01333962192775254	0.01019485031377697	2.434247614323199	2.499422618936289	0.2021474182764543	-0.008754180409256062	-0.009049288267606105	-0.002474687207996705	-0.002283735065556491	5.987016330052445	-0.4988550000000000	46.26300000000000	3805209653.246558
0.2307948029802875	0.0005732378910349471	0.009304044873410529	2.434322533307816	2.500589345978547	0.2033077492874999	-0.008589724017724013	-0.008923205034033366	-0.002438141343399237	-0.002257239313701910	5.992733985846975	-0.4989110000000000	46.26900000000000	3805209656.251414
0.2174162780263746	-0.007852411197475383	0.008230510111299449	2.433858400674338	2.500761111412814	0.2022296464441655	-0.008588810371094565	-0.008920464094119911	-0.002460068862167384	-0.002228002622029304	5.994384961285610	-0.4989650000000000	46.26500000000000	3805209659.247766
0.2081966716340115	-0.01347133791890454	0.008212237176870522	2.435039745897054	2.498862553256600	0.2022954289848541	-0.008707584431642990	-0.009066647553359447	-0.002439054990013565	-0.002234398148369380	5.994072491082911	-0.6234240000000000	46.36400000000000	3805209662.252119
0.2009989648068327	-0.01687741253745943	0.008017630454932870	2.432043898203775	2.501087283578931	0.2011625073756899	-0.008665556687118575	-0.009032842628469550	-0.002425350290784347	-0.002238966381384089	5.985984813069625	-0.6234810000000000	46.92300000000000	3805209665.246365
0.1958012300615547	-0.01982392291232418	0.007457565083972994	2.436342606701762	2.501428987315336	0.2023776571922694	-0.008577846611666298	-0.008927773267077131	-0.002492960140299720	-0.002270030366320815	5.982704790047669	-0.6235330000000000	46.92000000000000	3805209668.246850
0.1913654764531731	-0.02228985516689789	0.007422846512522659	2.433821854832764	2.500281446799692	0.2018952518629560	-0.008712152664767563	-0.008993555823696682	-0.002443623223094359	-0.002237139088195460	5.982776968791971	-0.6235860000000000	46.91900000000000	3805209671.246985
0.1875025791690927	-0.02393807369057388	0.007103070197417995	2.433619025307732	2.501403405526996	0.2021483319307337	-0.008562314619117812	-0.008874781763141468	-0.002471032621536954	-0.002253584727207487	5.982867420814411	-0.6236390000000001	46.92700000000000	3805209674.246364
0.1839585444944322	-0.02504084517659863	0.007053733279119380	2.434096862388448	2.500654214979858	0.2019089565505402	-0.008551350859651991	-0.008886659169145418	-0.002479255441075885	-0.002259066606938881	5.980821746254760	-0.7491100000000001	46.97600000000000	3805209677.247054
0.1814103844710412	-0.02607692045940529	0.006301802127053203	2.435905883437550	2.501506647337147	0.2025101359128984	-0.008580587551475994	-0.008967060071750263	-0.002407991005113112	-0.002257239313699477	5.979708000324198	-0.7491760000000000	47.63300000000000	3805209680.247049
0.1789261796964637	-0.02692387088973034	0.006984296136130789	2.435349472482650	2.500626805788034	0.2011798667095357	-0.008512064054995072	-0.008906759394787358	-0.002425350290778704	-0.002221607095720654	5.980402378315882	-0.7492280000000000	47.63700000000000	3805209683.250979
0.1764666433722896	-0.02764565173163983	0.006599650922935227	2.433706735276377	2.500884453811317	0.2032922172715444	-0.008589724017692381	-0.008765144168722070	-0.002430832170483511	-0.002217038862644959	5.980500139463357	-0.7492770000000000	47.63500000000000	3805209686.250962
0.1746402640558810	-0.02805313813115557	0.006497322499631623	2.435564179390204	2.500690760627263	0.2023995846642337	-0.008536732513732909	-0.008855595184084675	-0.002439968636634611	-0.002280994125692529	5.975849633534509	-0.7493260000000000	47.63400000000000	3805209689.251970
0.1731848252090908	-0.02859675787972463	0.006194905469863714	2.435445405244581	2.500860699016316	0.2021291453586018	-0.008612565183165678	-0.008848286011101767	-0.002439054990020566	-0.002231657208444450	5.976727656444011	-0.8737680000000000	48.34400000000000	3805209692.251884
0.1717896870286902	-0.02902434450566715	0.006162014195150266	2.433679325932842	2.500129781772884	0.2023776571750833	-0.008515718641465322	-0.008870213530021809	-0.002468291681671364	-0.002240793674623221	5.980874738315130	-0.8738150000000000	48.40300000000000	3805209695.252170
0.1706430606907366	-0.02935691188150241	0.005975630286315948	2.433186870330324	2.501017846368389	0.2029267587092283	-0.008564141912303456	-0.008824531199060674	-0.002452759689239308	-0.002307489877543892	5.987058358188185	-0.8738629999999999	48.40100000000000	3805209698.248672
0.1696773363559261	-0.02954055485552827	0.006562191411030515	2.433681153273175	2.501152152475988	0.2027549931518594	-0.008594292250831814	-0.008845545071252622	-0.002459155215536387	-0.002181406644690573	5.996321910877304	-0.8739130000000001	48.40300000000000	3805209701.252516
0.1690825524937446	-0.03008143366488768	0.006227796751214233	2.435216993701818	2.501490202143301	0.2016915087073048	-0.008580587551477923	-0.008882090936070335	-0.002448191456159567	-0.002254498373848946	5.997694221367457	-0.8739570000000000	48.40500000000000	3805209704.247075
0.1686485704128751	-0.03005767885232166	0.006389512197088533	2.434763824890100	2.500398393531116	0.2019783936783367	-0.008609824243311611	-0.008928686913732574	-0.002485650967381034	-0.002230743561912869	5.999528841635489	-0.9995780000000000	49.09100000000000	3805209707.252316
0.1680364272669748	-0.03039938269480357	0.006500977087273796	2.434120617338350	2.500930136187933	0.2024662808706084	-0.008580587551476797	-0.008860163417269138	-0.002425350290784615	-0.002216125216006997	6.002222298038727	-0.9996410000000000	49.24200000000000	3805209710.248685
0.1674590026873128	-0.03048252453887805	0.006454381111090961	2.433313867316729	2.501733231929284	0.2018422603428410	-0.008592464957510433	-0.008895795635375845	-0.002465550741855259	-0.002256325667094012	6.003557148732841	-0.9996880000000000	49.24200000000000	3805209713.251113
0.1667673722964504	-0.03058211202243606	0.006280788254350382	2.432983127166762	2.501718613459885	0.2047165920866840	-0.008554091799491660	-0.008890313755714510	-0.002470118974931231	-0.002265462133267978	6.005402732761432	-0.9997320000000000	49.24200000000000	3805209716.247361
0.1663251673964275	-0.03090371563906097	0.006258860735588385	2.435046141540228	2.503185930515144	0.2032666351709955	-0.008586069431182699	-0.008881177289481916	-0.002455500629057576	-0.002211556982980187	6.004909358839936	-0.9997800000000000	49.24000000000000	3805209719.248419
0.1657038877845737	-0.03110106331298851	0.006205869230812205	2.435406118529904	2.503379623692634	0.2021903596984753	-0.008579673904899757	-0.008902191161730954	-0.002436314050145316	-0.002293785178281345	6.005263857255906	-1.123862000000000	49.88700000000000	3805209722.250640
0.1652132596203339	-0.03133312955917764	0.006294492952255537	2.433704908314206	2.503830051644045	0.2028299121871257	-0.008646370108169090	-0.008856508830714387	-0.002480169087704192	-0.002287389652012735	6.008849041360585	-1.123905000000000	50.14700000000000	3805209725.253022
0.1649391656737201	-0.03138155283103728	0.006204041938886425	2.432410270509695	2.502901786293731	0.2004032672032380	-0.008512977701680463	-0.008885745522546508	-0.002461896155393369	-0.002255412020471891	6.010595037082803	-1.123951000000000	50.14600000000000	3805209728.249006
0.1647536954365115	-0.03133861143903166	0.005946393592406483	2.436481480858857	2.500764766406611	0.2019930120223800	-0.008586983077852701	-0.008843717778005340	-0.002417127471256433	-0.002243534614498743	6.010914816543851	-1.123996000000000	50.14700000000000	3805209731.253290
0.1647646591943751	-0.03135962531171532	0.005693313484389647	2.435941515526333	2.500367329973146	0.2027358066116687	-0.008574192025118761	-0.008925945973979121	-0.002462809801975990	-0.002239880028021533	6.012627920737201	-1.124037000000000	50.14700000000000	3805209734.248230
0.1650104300998393	-0.03133221591255923	0.006441590054347374	2.434348115581361	2.502734589076685	0.2024827265223630	-0.008542214393435048	-0.008930514206908451	-0.002487478260569654	-0.002196938637143086	6.011501383403069	-1.249522000000000	50.76600000000000	3805209737.251018
0.1651904184581215	-0.03138977565082186	0.006498236144563156	2.436011866331091	2.501275494998384	0.2017445002140375	-0.008534905220482690	-0.008838235898298628	-0.002446364162915597	-0.002253584727249395	6.014638876492525	-1.249576000000000	51.14900000000000	3805209740.250816
0.1655312085982996	-0.03131942485964695	0.005976543933923019	2.435003200335143	2.502423949191430	0.2022597967561959	-0.008595205897378548	-0.008907673041465971	-0.002475600854630914	-0.002237139088147905	6.014229558834669	-1.249621000000000	51.14600000000000	3805209743.252787
0.1658774806173381	-0.03092381586511788	0.007093020085569343	2.436611218989447	2.504508891455363	0.2030665465616227	-0.008564141912289665	-0.008904018454941183	-0.002481996380933654	-0.002258152960303596	6.008983348719036	-1.249666000000000	51.14600000000000	3805209746.247611
0.1663671951348687	-0.03095762079072676	0.006213178401361093	2.434904526304659	2.504973937868667	0.2025284088151763	-0.008633579055497637	-0.008883004582691126	-0.002446364162900547	-0.002236225441516645	6.005918948142925	-1.249703000000000	51.15000000000000	3805209749.251851
0.1668505141268164	-0.03086534248024850	0.006232364981706679	2.436579241069288	2.504712634546070	0.2038011183344328	-0.008618960709508813	-0.008875695409788499	-0.002450018749387423	-0.002263634840003288	6.000809786637784	-1.374186000000000	51.73900000000000	3805209752.253455
0.1676070134181819	-0.03047430171916047	0.006201301000414108	2.435534942832307	2.503671077148236	0.2019098702199126	-0.008533077927198108	-0.008920464094118343	-0.002437227696778177	-0.002272771306141768	5.997357996130134	-1.374224000000000	52.23500000000000	3805209755.252146
0.1683050393340098	-0.03040212363475565	0.006377634789462698	2.434325274370708	2.508554519867193	0.2017582048729622	-0.008598860483883640	-0.008875695409687153	-0.002481996380925036	-0.002265462133206961	5.995480434127222	-1.374262000000000	52.24000000000000	3805209758.247216
0.1689400236419339	-0.03007412449177747	0.006401389609070527	2.437615316927797	2.504001817066806	0.2009021181656147	-0.008586983077840770	-0.008916809507647568	-0.002500269313203889	-0.002193284050704566	5.990088953355145	-1.374304000000000	52.23700000000000	3805209761.250890
0.1696325676781467	-0.02981556249336037	0.006212264755623261	2.435777059283741	2.505182249233140	0.2042177411324897	-0.008590637664308015	-0.008840063191561585	-0.002471946268139187	-0.002258152960322403	5.989601974927118	-1.374346000000000	52.22000000000000	3805209764.248537
0.1704694678586055	-0.02951954098291268	0.006181200775186468	2.436308801721137	2.505144789585894	0.2034274369845397	-0.008528509694166530	-0.008876609056384191	-0.002479255441084482	-0.002234398148365876	5.986400526296121	-1.499768000000000	52.78200000000000	3805209767.252701
0.1716106123178083	-0.02919336913342168	0.006116331861668335	2.437571461904461	2.503402465102288	0.2025485090668817	-0.008576932965027912	-0.008913154921225429	-0.002459155215574561	-0.002250843787397263	5.984173948006336	-1.499817000000000	53.44200000000000	3805209770.251849
0.1728650489399814	-0.02870639547606668	0.006189423594450786	2.435236180193480	2.506301467036713	0.2018468285644741	-0.008605256010189482	-0.008876609056331737	-0.002434486756928736	-0.002238052734792594	5.992447098170919	-1.499856000000000	53.44500000000000	3805209773.253625
0.1743935795056471	-0.02834641870130784	0.006675483587650472	2.436465949174175	2.504567364930425	0.2025156177853848	-0.008634492702015162	-0.008900363868437424	-0.002505751192897147	-0.002269116719755107	5.994605152179770	-1.499894000000000	53.44700000000000	3805209776.253881
0.1759824107374109	-0.02791335019588107	0.007142357005975694	2.438226546487076	2.505121034759973	0.2017088679445591	-0.008614392476365886	-0.008899450221840677	-0.002449105102783303	-0.002250843787409353	5.997731681287231	-1.499933000000000	53.44300000000000	3805209779.253554
0.1778800544774248	-0.02734140740195993	0.006709288509190558	2.438248473708517	2.505286405113448	0.2028947810873388	-0.008573278378556643	-0.008893054695585850	-0.002479255441075073	-0.002226175328827222	6.001543451950722	-1.624984000000000	53.94500000000000	3805209782.252756
0.1799037814289036	-0.02671099122381979	0.007523347642513240	2.436952009504968	2.506253956773691	0.2033470360926108	-0.008628097175799017	-0.008932341500236234	-0.002455500629079863	-0.002266375779862953	6.004564910739720	-1.625014000000000	54.79300000000000	3805209785.251818
0.1819320766096745	-0.02574800767108879	0.006578637045079298	2.435875733610152	2.504869781550723	0.2017636867575358	-0.008596119544053154	-0.008882090936103907	-0.002427177584011939	-0.002248102847570666	6.004034990456055	-1.625048000000000	54.78800000000000	3805209788.249240
0.1841056415770339	-0.02491933017431836	0.006998000838505194	2.437275440451658	2.507227904209543	0.2027668705528612	-0.008582414844705975	-0.008850113304349044	-0.002475600854598124	-0.002215211569456312	6.000824405096933	-1.625080000000000	54.79000000000000	3805209791.249612
0.1873984234712592	-0.02403674752693208	0.007148752531016490	2.436683397090202	2.507040607233677	0.2029943685173584	-0.008533077927310746	-0.008820876612596049	-0.002495701080121758	-0.002200593223625385	6.003251074175840	-1.625120000000000	54.79500000000000	3805209794.252047
0.1905651221446928	-0.02281154739330152	0.007089365500112772	2.436401993914519	2.504398340334761	0.2017298818271984	-0.008494704769261216	-0.008911327627944065	-0.002442709576471715	-0.002238966381402369	6.007812042440604	-1.750254000000000	55.20700000000000	3805209797.253769
0.1940214467413426	-0.02097054943225582	0.007558066207960209	2.438212841715731	2.503935121248031	0.2017764778053648	-0.008509323115178349	-0.008885745522637814	-0.002459155215568379	-0.002247189200929202	6.011822076515219	-1.750301000000000	56.29500000000000	3805209800.252695
0.1976696370872549	-0.01875495635673396	0.007872360644458900	2.436719942769093	2.503817260592616	0.2030382235568015	-0.008555005446148910	-0.008920464094193675	-0.002469205328297532	-0.002249930140741300	6.015298535893251	-1.750335000000000	56.29700000000000	3805209803.248647
0.2027714389468895	-0.01623329166569294	0.008159245679411052	2.438108686173208	2.504730907866809	0.2022296464478013	-0.008564141912326934	-0.008918636800932418	-0.002439968636617424	-0.002232570855123790	6.019235477615954	-1.750369000000000	56.29700000000000	3805209806.249287
0.2089842348827272	-0.01341195088811551	0.007951847896465938	2.434591145499815	2.503604380713103	0.2020971677349349	-0.008632665408821391	-0.008925032327282582	-0.002434486756961804	-0.002273684952762570	6.020239585065207	-1.750405000000000	56.29500000000000	3805209809.252357
0.2161929054259425	-0.008950614433520092	0.008364816162986491	2.440893482200961	2.506749153951302	0.2025201860199144	-0.008597946837234973	-0.008846458717909638	-0.002445450516296425	-0.002283735065519669	6.019967315690224	-1.875301000000000	56.57500000000000	3805209812.248896
0.2258876079194441	-0.003058507396684590	0.008957772811269683	2.428499861443587	2.503730463587555	0.2072930750626510	-0.008576019318354448	-0.008870213530016900	-0.002468291681694487	-0.002233484501748588	6.020096141185622	-1.875325000000000	57.98700000000000	3805209815.252734
0.2376425830721205	0.004601505798474428	0.009094819803613987	2.437258080831747	2.506789354174794	0.2024854674644578	-0.008566882852150175	-0.008922291387400994	-0.002480169087686448	-0.002204247810048617	6.022129938399312	-1.875359000000000	57.98800000000000	3805209818.249091
0.2519530271993149	0.01455568555845023	0.01026702839504863	2.438849653846402	2.507747770050528	0.2020295578782942	-0.008611651536564293	-0.008917723154295900	-0.002483823674122282	-0.002203334163446890	6.024760352888888	-1.875386000000000	57.99400000000000	3805209821.253489
0.2683703398396488	0.02681316829110186	0.01141182758623635	2.438634033198888	2.506525310437172	0.2019391068837192	-0.008547696273173574	-0.008909500334669498	-0.002465550741864934	-0.002220693449129667	6.028902867267424	-1.875422000000000	57.99100000000000	3805209824.250772
0.2845217811923141	0.03840642982909113	0.01227705092192896	2.436861558113244	2.504735476167359	0.2025439408296812	-0.008577846611623335	-0.008913154921210545	-0.002408904651733634	-0.002246275554303312	6.029279293355429	-2.000328000000000	58.14800000000000	3805209827.249353
0.3070047919208480	0.05436326726714595	0.01362742059969552	2.432985868203581	2.502213810227928	0.2029971094337313	-0.008539473453649075	-0.008877522703001994	-0.002464637095228034	-0.002264548486642869	6.027728819871196	-2.000370000000000	59.90700000000000	3805209830.253061
0.3301209592920095	0.07122096000993189	0.01610523018656463	2.434560081768975	2.501292854056106	0.2016394308064670	-0.008528509694161931	-0.008920464094121545	-0.002413472884802867	-0.002245361907711535	6.032728343245608	-2.000401000000000	59.90500000000000	3805209833.253570
0.3514116608687709	0.08633724219282950	0.01784024507746594	2.437903115277728	2.506076710141156	0.2018523104605280	-0.008588810371083458	-0.008920464094120452	-0.002459155215538268	-0.002220693449157083	6.036932072820239	-2.000436000000000	59.90700000000000	3805209836.248997
0.3780298340977863	0.1054534687028546	0.01967667473427601	2.436223833178820	2.505123775369773	0.2016841995273680	-0.008588810371054564	-0.008893968342182958	-0.002450018749390936	-0.002263634840023999	6.039501272434753	-2.000467000000000	59.90900000000000	3805209839.253101
0.4147154759691221	0.1328829645473396	0.02289179710575689	2.433172251854171	2.508071201453228	0.2015179158628003	-0.008557746385998901	-0.008846458717867982	-0.002458241568929859	-0.002237139088169401	6.043370604065289	-2.125365000000000	61.92900000000000	3805209842.252886
0.4552631001237351	0.1626851997560536	0.02635360404487096	2.439332059362492	2.502869809194557	0.2026691103863506	-0.008507495821922674	-0.008869299883408836	-0.002441795929872962	-0.002239880027993040	6.049804567235582	-2.125386000000000	62.09900000000000	3805209845.252997
0.4943434074838588	0.1917336759589796	0.02975693759174829	2.438529877498649	2.504289616332109	0.2027787479685174	-0.008566882852171803	-0.008844631424616929	-0.002442709576492668	-0.002224348035601799	6.058443181802900	-2.125411000000000	62.10400000000000	3805209848.248882
0.5239894025429013	0.2136886004858687	0.03258376013593126	2.437141133907658	2.505319296452968	0.2022113735039354	-0.008627183529092758	-0.008968887365063702	-0.002439968636625485	-0.002227088975485647	6.064093228910720	-2.125442000000000	62.10600000000000	3805209851.250281
0.5408882042783980	0.2259113627282406	0.03350106130866588	2.437895806190094	2.506506123733216	0.2026279962994196	-0.008606169656881706	-0.008844631424645283	-0.002428091230630845	-0.002236225441592941	6.073513933326689	-2.125470000000000	62.10500000000000	3805209854.248211
0.5493768918871869	0.2321104538672630	0.03504877862530043	2.438104117693440	2.503452715661653	0.2021072178603261	-0.008573278378529590	-0.008868386236741275	-0.002471946268173052	-0.002225261682218013	6.080341682943841	-2.250834000000000	64.20600000000000	3805209857.253409
0.5530735047352521	0.2345690764469060	0.03509263366650615	2.437479183791517	2.504610306256732	0.2019116974575517	-0.008559573679219187	-0.008803517326831062	-0.002449105102766930	-0.002232570855102052	6.086094060005827	-2.250873000000000	64.65200000000000	3805209860.248723
0.5519908338942204	0.2338107498991229	0.03515658892731263	2.439407891904617	2.504335298427784	0.2024224258527416	-0.008560487325858367	-0.008935996086691969	-0.002426263937422866	-0.002217952509262785	6.090241143753590	-2.250900000000000	64.64900000000000	3805209863.252885
0.5455112544706500	0.2292735816544138	0.03455723676574639	2.440001762399496	2.504746439782342	0.2020871176263516	-0.008587896724451016	-0.008857422477354366	-0.002376927020223407	-0.002230743561899689	6.090664166308216	-2.250928000000000	64.65200000000000	3805209866.249378
0.5335571064837903	0.2205034893898254	0.03352572977132371	2.439050656002868	2.503821829218349	0.2021602093297721	-0.008565055558955882	-0.008910413981327841	-0.002393372659257192	-0.002260893900158951	6.094209151013209	-2.250959000000000	64.65700000000000	3805209869.250971
0.5141905460521371	0.2062725321814514	0.03177975114218201	2.440535332454941	2.505088143528158	0.2025411998733628	-0.008602515070340362	-0.008877522702974896	-0.002440882283230409	-0.002252671080626474	6.096533491528957	-2.375809000000000	66.71800000000000	3805209872.253071
0.4854125148548559	0.1850220289744122	0.02868066190848085	2.439737718845616	2.503774319541955	0.2031971980761269	-0.008557746386021081	-0.008931427853612244	-0.002482910027525138	-0.002240793674628081	6.099823566311037	-2.375825000000000	67.62400000000000	3805209875.253390
0.4527542273373758	0.1609163801595523	0.02621198882135034	2.439999935299073	2.503993594571950	0.2025384589499393	-0.008514804994850737	-0.008895795635388256	-0.002432659463713509	-0.002223434388967853	6.101803458520069	-2.375848000000000	67.62500000000000	3805209878.249277
0.4198209317241341	0.1365695282237768	0.02329197431100865	2.440316057235696	2.504763799340379	0.2025987596239799	-0.008499273002349273	-0.008906759394840362	-0.002441795929865428	-0.002208816043155442	6.101031419317783	-2.375874000000000	67.62400000000000	3805209881.252891
0.3888638525984242	0.1133720431666432	0.02087263812786203	2.441907629885678	2.504982160610238	0.2025439408207780	-0.008556832739377896	-0.008884831875988890	-0.002456414275706834	-0.002232570855076786	6.100596519172338	-2.375900000000000	67.63000000000000	3805209884.253222
0.3654407008800502	0.09620279755185632	0.01886627020610159	2.442788385318174	2.506284107197526	0.2010364241513370	-0.008576019318409542	-0.008925945973819847	-0.002432659463711642	-0.002196938637126695	6.104426564578636	-2.501073000000000	69.67700000000001	3805209887.253068
0.3470288992159724	0.08342819159447730	0.01695400787011042	2.440108659339743	2.503801728810243	0.2028573215458633	-0.008542214393480704	-0.008885745522615708	-0.002461896155388258	-0.002219779802516174	6.103607015290600	-2.501113000000000	71.15400000000000	3805209890.253782
0.3324946126053737	0.07335797930821422	0.01603031116034730	2.442533477978656	2.505659172899289	0.2015462389002240	-0.008622615296009028	-0.008935996086686790	-0.002498442019973352	-0.002197852283728398	6.105554015997494	-2.501138000000000	71.15300000000001	3805209893.252717
0.3164701685904013	0.06170807202355635	0.01465253208596291	2.442814881288633	2.504693448119351	0.2030601510621989	-0.008673779506726587	-0.009012742402775482	-0.002407991005104794	-0.002281907772303893	6.104509707264418	-2.501160000000000	71.15900000000001	3805209896.248154
0.2973493767618648	0.04769821553127883	0.01341910918014259	2.442345266744306	2.504934650821601	0.2026791605207139	-0.008607083303502171	-0.008911327627969994	-0.002459155215526990	-0.002250843787429503	6.103479103481447	-2.501186000000000	71.16000000000000	3805209899.252926
0.2839041562230069	0.03849505355068488	0.01227065540060248	2.445892957821378	2.504754662598565	0.2017837870027728	-0.008584242137946979	-0.008839149544953521	-0.002462809801988068	-0.002250843787412309	6.104930902608405	-2.625810000000000	73.20200000000000	3805209902.253377
0.2737946586392394	0.03121968579553121	0.01221400930515105	2.449659010471779	2.500692588667127	0.2010007919601562	-0.008570537438637135	-0.008904932101609728	-0.002444536869712728	-0.002219779802525285	6.110089403727521	-2.625820000000000	75.40800000000000	3805209905.252954
0.2636001918686471	0.02337420251941516	0.01079328883668058	2.445128235617861	2.505415228769574	0.2046425867494575	-0.008615306122999399	-0.008941477966398652	-0.002452759689244939	-0.002224348035599649	6.105472700529656	-2.625840000000000	75.40100000000000	3805209908.249042
0.2529333698248940	0.01543095900489407	0.01040772997302728	2.444907132816324	2.506806713076382	0.2031688749963873	-0.008571451085277725	-0.008801690033548155	-0.002450018749394689	-0.002266375779807065	6.111480901652456	-2.625864000000000	75.40300000000001	3805209911.249154
0.2439650164304918	0.009431041765330588	0.01041960738370405	2.442894369287895	2.504552747259530	0.2008409038254114	-0.008531250634020843	-0.008913154921273529	-0.002441795929865966	-0.002199679576993349	6.110248379956918	-2.625888000000000	75.40500000000000	3805209914.253067
0.2362163809806731	0.004063367947584436	0.009984711595908701	2.442605656240345	2.503907711558402	0.2005595007197406	-0.008539473453668813	-0.008836408605184509	-0.002458241568930397	-0.002275512245976167	6.108843177165529	-2.751334000000000	77.30900000000000	3805209917.255147
0.2291694259595899	-0.0005880069506618436	0.009924410916911394	2.445428824891256	2.502635916040131	0.2013909190213695	-0.008510236761759677	-0.008861990710463775	-0.002456414275693128	-0.002241707321226272	6.113779660100962	-2.751363000000000	80.66800000000001	3805209920.249641
0.2230543902832165	-0.004538614913301428	0.009608289191926534	2.445211377610272	2.504750094195023	0.2015142612406124	-0.008591551310938864	-0.008924118680574187	-0.002504837546272877	-0.002270030366274584	6.118367126458200	-2.751391000000000	80.67200000000000	3805209923.253408
0.2172070529912090	-0.008005903828205103	0.009805636865613702	2.442267606916638	2.503478297715174	0.2023539023449141	-0.008580587551546844	-0.008899450221896111	-0.002459155215523759	-0.002229829915257157	6.110508771852167	-2.751416000000000	80.67400000000001	3805209926.255234
0.2122861531829079	-0.01094601865302714	0.009320490510767415	2.442610224383767	2.499511242468466	0.2023831390431752	-0.008549523566392520	-0.008909500334634637	-0.002464637095249796	-0.002280994125685825	6.114855946850323	-2.751439000000000	80.67600000000000	3805209929.253810
0.2084598018156002	-0.01337357772953950	0.01096596805051353	2.418377567863076	2.514619308041945	0.2001702872565544	-0.008536732513773484	-0.008869299883467668	-0.002471946268144558	-0.002217038862667008	6.111459887781093	-2.876119000000000	82.22600000000000	3805209932.248250
0.2039299426624148	-0.01536075913794802	0.009937201972458048	2.446410995434141	2.507830911914475	0.2027467703579850	-0.008529423340777364	-0.008825444845652480	-0.002432659463697659	-0.002208816043095293	6.112207258199808	-2.876132000000000	87.29800000000000	3805209935.254232
0.2007860851815576	-0.01687741253720115	0.008945895403040598	2.446315976350813	2.501237122364538	0.2025987596129104	-0.008595205897383669	-0.008813567439645658	-0.002470118974915091	-0.002212470629581094	6.109559483433791	-2.876150000000000	87.30000000000000	3805209938.250473
0.1977610017342440	-0.01851558094001204	0.008838085109348125	2.442888886669822	2.500993178106723	0.2022597967624605	-0.008539473453628035	-0.008861990710437535	-0.002450018749386624	-0.002200593223572474	6.110178942012949	-2.876171000000000	87.30000000000000	3805209941.253690
0.1955874367885085	-0.01986503701038191	0.009383532131056763	2.445829002509952	2.504310630399565	0.2021008222748941	-0.008614392476439355	-0.008866558943557448	-0.002451846042623086	-0.002228002622030113	6.108903478494058	-2.876191000000000	87.30600000000000	3805209944.253861
0.1929963354029358	-0.02136341748311469	0.008380348158044424	2.443924048753537	2.504011867395605	0.2022890334836041	-0.008580587551533530	-0.008882090936173304	-0.002459155215568899	-0.002239880028001368	6.109391370719299	-3.001523000000000	88.41800000000001	3805209947.253218
0.1906610550243101	-0.02273571472289368	0.008179345905620736	2.444218243076841	2.498559222708944	0.2023182701367514	-0.008509323115203459	-0.008938737026530827	-0.002371445140516733	-0.002257239313668573	6.116490477253338	-3.001558000000000	95.99800000000000	3805209950.253263
0.1882800923180715	-0.02364296582827984	0.007738054589758030	2.445522930599905	2.501367773375555	0.2019327113237694	-0.008603428716987936	-0.008882090936087080	-0.002429918523865950	-0.002230743561904538	6.114777372267915	-3.001582000000000	96.00400000000000	3805209953.248369
0.1859694803861939	-0.02421399497357337	0.007895201811257866	2.443615236095746	2.502774789689309	0.2033982002559791	-0.008574192025169559	-0.008896709282000200	-0.002432659463712170	-0.002246275554344948	6.114030915468466	-3.001601000000000	96.01000000000000	3805209956.250856
0.1838589570286953	-0.02472106885493872	0.007390868880351162	2.443921307915031	2.501588875700548	0.2024260804171933	-0.008566882852177712	-0.008904018454997132	-0.002443623223092746	-0.002286476005386312	6.114069288983226	-3.001623000000000	96.01500000000000	3805209959.253312
0.1823240309484058	-0.02540356289010420	0.007177989221595730	2.443325610108088	2.498279646167887	0.2020103713211418	-0.008560487325885652	-0.008921377740788909	-0.002471032621538560	-0.002212470629573304	6.112380852874173	-3.126336000000000	96.68700000000000	3805209962.253985
0.1810997446688355	-0.02600017414213247	0.007264785648132254	2.441618917787404	2.500835116752270	0.2027824025765026	-0.008587896724431590	-0.008888486462563482	-0.002454586982442160	-0.002211556982981542	6.116419211978756	-3.126344000000000	107.8600000000000	3805209965.254220
0.1800189008852873	-0.02647892497854298	0.007007137305040861	2.442861477469125	2.499509415059456	0.2011149977759187	-0.008596119544054688	-0.008872040823267988	-0.002442709576448057	-0.002227088975397783	6.114082080237487	-3.126363000000000	107.8700000000000	3805209968.250317
0.1791646414276727	-0.02682154246657627	0.006881054076561638	2.442403740312778	2.498084126496398	0.2033561725200504	-0.008684743266203806	-0.009027360748655540	-0.002436314050154992	-0.002232570855121931	6.117707466921124	-3.126378000000000	107.8700000000000	3805209971.251765
0.1779970012269479	-0.02726283379134211	0.007458478731631393	2.441929557442105	2.500248555768806	0.2021748276446800	-0.008646370108138830	-0.008994469470365604	-0.002464637095241461	-0.002189629464224920	6.118361644548080	-3.126400000000000	107.8800000000000	3805209974.250324
0.1770842683933192	-0.02744373582518273	0.006706547573962200	2.442982078698493	2.500302460946849	0.2019290567627372	-0.008687484205989172	-0.008879349996284355	-0.002410731944951547	-0.002198765930418219	6.117432456565338	-3.188956000000000	115.2400000000000	3805209977.254428
0.1763496966228537	-0.02776990767404556	0.006839939976854468	2.442661388640178	2.497995502367371	0.2016531355530812	-0.008602515070351145	-0.008889400109087540	-0.002441795929861133	-0.002197852283761191	6.120245603114405	-3.188977000000000	115.6500000000000	3805209980.248965
0.1755813199321629	-0.02788045891697142	0.007064697042608043	2.450274808189437	2.512543502874339	0.2038102548431689	-0.008614392476453979	-0.008961578192073865	-0.002449105102771761	-0.002219779802503809	6.118466715005997	-3.188995000000000	115.6600000000000	3805209983.254736
0.1749152716469902	-0.02790055914294482	0.006630714902404068	2.453561195895491	2.514272123288570	0.2038431461382751	-0.008522114167807387	-0.008858336123993549	-0.002496614726749800	-0.002260893900146599	6.115018577484194	-3.189012000000000	115.6600000000000	3805209986.250709
0.1742291231389201	-0.02832540482874038	0.006881967724497224	2.443237899901744	2.500514427400902	0.2027102244600047	-0.008565969205580972	-0.008843717778036924	-0.002481082734304012	-0.002265462133242958	6.110521563053476	-3.189029000000000	115.6700000000000	3805209989.253408
0.1740071070436979	-0.02835281422779257	0.006605132797958753	2.441683786689072	2.499344045348579	0.2032172982524910	-0.008615306123050444	-0.008988073944012763	-0.002453673335858747	-0.002248102847538151	6.107410564745476	-3.251691000000000	124.2500000000000	3805209992.251490
0.1737293585129560	-0.02829251354978550	0.006466258517032268	2.442769199154931	2.501822769560961	0.2017764777998682	-0.008582414844754038	-0.008928686913721413	-0.002405250065273357	-0.002242620967857806	6.104622086906381	-3.251718000000000	125.2500000000000	3805209995.250419
0.1740180708014888	-0.02834002317488524	0.006783293887510496	2.444758208150442	2.503480124491308	0.2020715856223195	-0.008556832739375710	-0.008989901237325957	-0.002439054990002026	-0.002268203073092413	6.101698388015881	-3.251734000000000	125.2600000000000	3805209998.249663
0.1740573576002371	-0.02833910952826097	0.006437021822160706	2.445399588641514	2.500112422597433	0.2018852017097242	-0.008612565183172936	-0.008873868116493629	-0.002482910027537792	-0.002268203073087303	6.103506513010308	-3.251749000000000	125.2700000000000	3805210001.253731
0.1742866828673133	-0.02835920975426336	0.006532041071116216	2.446275775867319	2.502649620036459	0.2017070406693562	-0.008514804994819105	-0.008776107928208446	-0.002429918523867832	-0.002184147584507785	6.099010412484556	-3.251769000000000	125.2700000000000	3805210004.253767
0.1747398515224663	-0.02787040880393073	0.006835371744820769	2.443479102668122	2.501037033176819	0.2022488330113631	-0.008658247514324324	-0.008944218906253449	-0.002476514501251982	-0.002206075103293378	6.092431176679662	-3.282850000000000	130.2800000000000	3805210007.254080
0.1751016555293082	-0.02786675421743430	0.007034546703242338	2.444317830386652	2.500027452979101	0.2022296464439821	-0.008544955333322278	-0.008833667665214599	-0.002459155215532365	-0.002238052734792056	6.079195044957745	-3.282876000000000	130.9300000000000	3805210010.252915
0.1757832358045386	-0.02789599090978810	0.006917599937123968	2.439999935134871	2.509754138669784	0.2006855839308905	-0.008523941461046285	-0.008764230522208791	-0.002450932396000157	-0.002227088975376019	6.064314333515830	-3.282889000000000	130.9300000000000	3805210013.253949
0.1766374952643101	-0.02744008123860128	0.006669088060060550	2.447335605973987	2.507215113806404	0.1995060663213907	-0.008496532062480643	-0.008883004582740288	-0.002419868411114476	-0.002256325667101264	6.039567969399980	-3.282903000000000	130.9300000000000	3805210016.249808
0.1776571247364107	-0.02729937965676642	0.006508286256731315	2.440893482155933	2.504437626739027	0.2022954289928517	-0.008533991573893462	-0.008824531199009045	-0.002418954764498003	-0.002243534614501419	6.010732999209839	-3.282919000000000	130.9500000000000	3805210019.255090
0.1788192830585397	-0.02695402122864901	0.006245156039144596	2.442933655542684	2.501425333027385	0.2018605332656483	-0.008597033190613090	-0.008852854244292560	-0.002401595478791570	-0.002166788298845412	5.989247476644915	-3.314095000000000	136.0100000000000	3805210022.254075
0.1798973859036475	-0.02641222877420495	0.006929477346702666	2.443143794614575	2.502379180429794	0.2031752705413731	-0.008476431836884381	-0.008851940597581997	-0.002430832170477051	-0.002250843787370669	5.970577841910579	-3.314107000000000	137.3600000000000	3805210025.250893
0.1808877786860209	-0.02592890970460056	0.007345186552614376	2.443075270626101	2.501374168874426	0.2023447658844801	-0.008514804994887439	-0.008784330747847719	-0.002435400403574524	-0.002230743561888428	5.951364583857235	-3.314119000000000	137.3700000000000	3805210028.250690
0.1820033410350088	-0.02534326221225494	0.007460306026164228	2.440809426339024	2.504370930846708	0.2028107255931277	-0.008559573679287611	-0.008818135672731256	-0.002463723448600796	-0.002239880028013731	5.931514509495484	-3.314132000000000	137.3800000000000	3805210031.251338
0.1833016326783581	-0.02479507423218623	0.007723436244464711	2.442405567440177	2.502413899229459	0.2015498934626824	-0.008554091799559257	-0.008840976838235131	-0.002436314050189128	-0.002225261682185777	5.916295754705262	-3.314145000000000	137.3800000000000	3805210034.253020
0.1849955332441428	-0.02442139275929347	0.007615625944885676	2.442745444365682	2.500215664572925	0.2026828150818732	-0.008478259130058962	-0.008856508830693843	-0.002425350290806933	-0.002232570855116796	5.903116279134824	-3.345289000000000	141.9800000000000	3805210037.254745
0.1869251545981543	-0.02384762267394856	0.007629330646124009	2.441939608001812	2.499228925682958	0.2015188294985751	-0.008590637664358596	-0.008770626048473859	-0.002408904651731744	-0.002225261682185236	5.882036428951800	-3.345292000000000	144.7400000000000	3805210040.255812
0.1889461405967015	-0.02334877161269508	0.007804750793520758	2.441267163422099	2.498814129982571	0.2021382817911525	-0.008604342363590882	-0.008826358492236867	-0.002400681832172418	-0.002206988749875483	5.859979883471779	-3.345308000000000	144.7400000000000	3805210043.255039
0.1905185261748937	-0.02262790442037556	0.007293108692536876	2.441688355001235	2.498307969639125	0.2026517510660847	-0.008531250634007821	-0.008819962965938243	-0.002443623223083619	-0.002219779802493592	5.837945267618106	-3.345318000000000	144.7500000000000	3805210046.254370
0.1919968061647296	-0.02169324391679027	0.008228682819162411	2.441086261502118	2.498012861604577	0.2022625377567736	-0.008546782626564777	-0.008869299883397153	-0.002440882283243311	-0.002214297922828564	5.818185654095813	-3.345333000000000	144.7500000000000	3805210049.255614
0.1939912964081512	-0.02061514089310247	0.007880583463624424	2.440126932530334	2.496551026740292	0.2011588527897347	-0.008668297627057862	-0.008831840372007380	-0.002392459012681566	-0.002229829915270320	5.791568149822255	-3.376882000000000	148.8200000000000	3805210052.254465
0.1957582886781636	-0.01956353362276944	0.008303601839966038	2.440724457212654	2.496814156674795	0.2024991721766928	-0.008508409468485413	-0.008866558943580561	-0.002397027245733345	-0.002220693449106334	5.769862455484811	-3.376889000000000	153.3600000000000	3805210055.249641
0.1975307628247085	-0.01854299033879642	0.007829419252164333	2.439081720299407	2.497750644565623	0.2020076303604355	-0.008479172776695134	-0.008852854244287885	-0.002448191456145061	-0.002215211569398818	5.758287365082504	-3.376900000000000	153.3800000000000	3805210058.252026
0.1999674579491172	-0.01708572396803024	0.007832160193959882	2.440205505812807	2.497311180815337	0.2024507489041645	-0.008545868979941484	-0.008798035447086131	-0.002395199952520268	-0.002205161456654078	5.752936090177029	-3.376914000000000	153.3900000000000	3805210061.254683
0.2027394613214426	-0.01578195023227572	0.008050521730444023	2.439153898469875	2.498567445342730	0.2005933056361442	-0.008477345483485702	-0.008796208153786407	-0.002422609350944837	-0.002228002622024984	5.742235368015199	-3.376930000000000	153.4000000000000	3805210064.254957
0.2055388740819050	-0.01465359665016400	0.008047780792243000	2.439279981281103	2.498282387441306	0.2014557878957737	-0.008450849731485178	-0.008833667665187075	-0.002447277809556264	-0.002222520742332833	5.729451513961378	-3.389353000000000	155.0100000000000	3805210067.255719
0.2087019181277437	-0.01293411370360007	0.007761809406755614	2.437914079477061	2.495988219926574	0.2018331238922542	-0.008502927588801126	-0.008766971461938843	-0.002420782057700053	-0.002208816043124038	5.720155993220242	-3.389366000000000	157.1800000000000	3805210070.255318
0.2120394686396794	-0.01079618060695488	0.008561250181183710	2.437732263553396	2.495990960814785	0.2026161188986187	-0.008524855107694459	-0.008870213530076424	-0.002443623223099470	-0.002218866155907208	5.709431517419455	-3.389377000000000	157.2000000000000	3805210073.254960
0.2156282719185959	-0.008713066311594284	0.008232337407356233	2.437691149305166	2.493408081154128	0.1999354801916434	-0.008501100295569551	-0.008823617552461549	-0.002452759689259731	-0.002180492998090747	5.700534350783689	-3.389388000000000	157.2000000000000	3805210076.250982
0.2196592800714998	-0.006327534989595582	0.008798798300770587	2.436291442148415	2.495636465435644	0.2024681082186826	-0.008525768754280355	-0.008791639920735827	-0.002413472884806641	-0.002210643336350004	5.693042384886204	-3.389401000000000	157.2100000000000	3805210079.250238
0.2235897871033420	-0.003672477920897721	0.008447958002847958	2.436585637022645	2.493484827653891	0.2022068052815756	-0.008533991573865373	-0.008845545071280414	-0.002416213824614426	-0.002227088975386759	5.680079457096351	-3.401789000000000	158.7200000000000	3805210082.256583
0.2275513581035727	-0.001180049955827337	0.009030864536062215	2.435934206925559	2.493046277418464	0.2024096347854847	-0.008515718641516432	-0.008808999206589455	-0.002397940892343371	-0.002195111343913615	5.665739652935965	-3.401801000000000	161.2600000000000	3805210085.251953
0.2311273702932090	0.001206394996875725	0.009086596985053069	2.434390144207839	2.493346867299482	0.2021958414837062	-0.008527596047555715	-0.008862904357078595	-0.002453673335854174	-0.002196938637149538	5.644468868812917	-3.401813000000000	161.2700000000000	3805210088.249828
0.2344557842878288	0.003379046637647302	0.009508701717430738	2.435975320607422	2.493711412135120	0.2021419363752127	-0.008565969205584835	-0.008806258266629490	-0.002402509125438412	-0.002192370404037305	5.627500483490289	-3.401831000000000	161.2700000000000	3805210091.252799
0.2377540479422950	0.005520634289534226	0.009677726334690585	2.435153038775424	2.494752055746087	0.2023511614416480	-0.008564141912315902	-0.008777021574781394	-0.002428091230638915	-0.002243534614479136	5.615305028470567	-3.401841000000000	161.2800000000000	3805210094.254435
0.2401898293510266	0.007300417881248399	0.009958215844390430	2.436613959925208	2.493820135944000	0.2019043883062521	-0.008514804994869368	-0.008723116424294389	-0.002456414275719471	-0.002173183825171537	5.605312393702920	-3.414318000000000	162.5600000000000	3805210097.253231
0.2421057459325576	0.008538409032923706	0.009684121865992013	2.436170841070498	2.496492552634098	0.2023356294362764	-0.008512977701629652	-0.008748698529602196	-0.002366876907450173	-0.002208816043102013	5.589830526287740	-3.414328000000000	165.6300000000000	3805210100.254809
0.2433391686232076	0.009313181354349036	0.009536111111578843	2.436825925860488	2.494246808979851	0.2019838755479774	-0.008512977701593183	-0.008822703905776668	-0.002381495253286745	-0.002192370404082711	5.575581178772723	-3.414341000000000	165.6300000000000	3805210103.255445
0.2443734163896221	0.01000481183433250	0.01003222121638850	2.434346288600995	2.495556064811388	0.2025329770430697	-0.008501100295588202	-0.008847372364524275	-0.002447277809533144	-0.002185061231141996	5.554396285501364	-3.414354000000000	165.6500000000000	3805210106.255054
0.2450586512168022	0.01050549017363233	0.009462105738038528	2.434356338414114	2.493787244563012	0.2024808992124717	-0.008475518190175739	-0.008808999206515948	-0.002439054989996904	-0.002206988749910948	5.528664138757168	-3.414366000000000	165.6600000000000	3805210109.255501
0.2455913070889040	0.01083166201127736	0.009397236829208381	2.436661469091925	2.492508138809223	0.2018870290319157	-0.008505668528683502	-0.008792553567385888	-0.002381495253276265	-0.002219779802481245	5.512792145312256	-3.427197000000000	170.4600000000000	3805210112.254931
0.2461934000898837	0.01137710903370641	0.009689603739283488	2.436200077740298	2.493856681866068	0.2013342729196357	-0.008502013942130619	-0.008832754018638186	-0.002458241568911849	-0.002192370404098573	5.504117916924327	-3.427211000000000	170.4700000000000	3805210115.250862
0.2472194250363126	0.01196823838611052	0.009674071748339603	2.434393797843928	2.496405756390738	0.2024717627680510	-0.008548609919759816	-0.008829099432130848	-0.002411645591553240	-0.002194197697289883	5.484496290511884	-3.427223000000000	170.4800000000000	3805210118.251668
0.2486867412095849	0.01282615254600077	0.01013272234612199	2.436079476306906	2.495898682428772	0.2021830504747500	-0.008447195145007103	-0.008826358492227135	-0.002408904651714284	-0.002193284050692219	5.470153756006882	-3.427235000000000	170.5000000000000	3805210121.251435
0.2506794040801607	0.01414545823901172	0.01021951877166825	2.434206500385242	2.495146751178224	0.2025905368106916	-0.008449022438249807	-0.008838235898301582	-0.002397940892360308	-0.002196938637127520	5.461622972385107	-3.427252000000000	170.5100000000000	3805210124.255713
0.2531234082849521	0.01592067358403005	0.01020124583786724	2.435763354547920	2.494602217183193	0.2046160909877890	-0.008537646160319410	-0.008844631424669180	-0.002363222320990443	-0.002214297922814583	5.458987081980156	-3.439655000000000	175.3200000000000	3805210127.250240
0.2567414481468709	0.01852456639065355	0.01075126109667326	2.435047055688800	2.497521319528309	0.2017636867209750	-0.008570537438675847	-0.008868386236759940	-0.002400681832185841	-0.002244448261081373	5.462952338432294	-3.439665000000000	175.5200000000000	3805210130.254181
0.2612895800618882	0.02207682435727855	0.01105641906016733	2.436505235916635	2.496963081204366	0.2032885627332945	-0.008549523566406347	-0.008807171913281626	-0.002410731944970895	-0.002183233937908767	5.454357599424153	-3.439677000000000	175.5400000000000	3805210133.252645
0.2667120715896492	0.02624488011585982	0.01142096406176358	2.436890794968311	2.496812329294281	0.2016056258936255	-0.008521200521190672	-0.008814481086164299	-0.002407991005121441	-0.002206075103292859	5.441538126906286	-3.439690000000000	175.5600000000000	3805210136.250257
0.2732629164247695	0.03104426565153687	0.01192712427713898	2.437028755373031	2.497491169178285	0.2021529001436845	-0.008514804994848864	-0.008855595184108209	-0.002431745817108860	-0.002200593223582699	5.422367849803165	-3.439702000000000	175.5700000000000	3805210139.254350
0.2809083096359074	0.03668877425724223	0.01211442182708984	2.437534915871965	2.496589399762112	0.2035069241793439	-0.008522114167848501	-0.008797121800509056	-0.002379667960039546	-0.002187802171015075	5.394065608999425	-3.452115000000000	180.3700000000000	3805210142.255537
0.2920575367807653	0.04414413035105164	0.01353422864720248	2.437712162648324	2.497539593414341	0.2029267587264523	-0.008475518190219258	-0.008851026951005257	-0.002386977132976791	-0.002227088975411198	5.375874771292758	-3.452134000000000	181.0300000000000	3805210145.252595
0.3125551937867385	0.05914986163859628	0.01480876565718065	2.434583836734502	2.501568774977742	0.2001200367939372	-0.008557746385971666	-0.008843717778022616	-0.002379667960050293	-0.002180492998119501	5.363555984290818	-3.452147000000000	181.0400000000000	3805210148.251152
0.3348116198244763	0.07509025316939635	0.01639394251197760	2.437909510950902	2.498334464906622	0.2032163846083979	-0.008481000069926784	-0.008778848868138425	-0.002367790554063186	-0.002190543110815380	5.352355509490381	-3.452156000000000	181.0600000000000	3805210151.251741
0.3654160323954858	0.09676012191613506	0.01891926170983942	2.435386018608364	2.498366442781683	0.2020907721904115	-0.008466381724000716	-0.008756007702479770	-0.002387890779582225	-0.002161306419202669	5.348885454605433	-3.452168000000000	181.0700000000000	3805210154.254749
0.4288724258315391	0.1434904003971386	0.02380544369864628	2.437770636694616	2.493912414169638	0.2053068076791040	-0.008501100295582514	-0.008828185785477696	-0.002428091230644268	-0.002175924765017215	5.345592648479697	-3.464756000000000	186.0200000000000	3805210157.250041
0.5233617273878385	0.2131084348606527	0.03280760355047019	2.435094565095241	2.499281917014891	0.2014996429304024	-0.008458158904375394	-0.008788898980841772	-0.002418041117874255	-0.002177752058241048	5.348263256758883	-3.464770000000000	187.0400000000000	3805210160.251607
0.6186303651430831	0.2810663703250560	0.04100666798624215	2.435122888160786	2.497820995452484	0.2048307979025582	-0.008445367851710952	-0.008798949093706357	-0.002414386531395709	-0.002159479125946081	5.355018808518979	-3.464782000000000	187.0600000000000	3805210163.255420
0.7430114225744147	0.3680500745801422	0.05228563495754746	2.435127456497152	2.496720964719174	0.2020505717641145	-0.008465468077349651	-0.008812653792951066	-0.002446364162952950	-0.002140292547041880	5.349258225124097	-3.464789000000000	187.0800000000000	3805210166.255534
0.9248032617198720	0.4951940119009919	0.06938087582889819	2.434381920496745	2.498322587902788	0.2024452670168253	-0.008430749505888388	-0.008790726274110733	-0.002376927020200034	-0.002181406644680641	5.349080062722019	-3.464803000000000	187.0900000000000	3805210169.256889
1.091008293194775	0.6062851769546737	0.08540989094191498	2.434721797258345	2.496065880058285	0.2023776571725960	-0.008479172776661922	-0.008799862740319365	-0.002369617847298000	-0.002193284050679342	5.344432308996940	-3.477509000000000	191.7100000000000	3805210172.255630
1.222589789139093	0.6873155488825387	0.09750657115072947	2.439816292095542	2.493937082229685	0.2016220715461483	-0.008520286874576894	-0.008743216649871519	-0.002388804426192272	-0.002167701945454661	5.337891465976375	-3.477519000000000	193.6900000000000	3805210175.257117
1.372621459063420	0.7779894544447844	0.1124583966365912	2.445001238824065	2.487064631025416	0.2013324456374090	-0.008459986197659973	-0.008789812627459148	-0.002394286305899223	-0.002157651832713381	5.333295790663971	-3.477528000000000	193.7200000000000	3805210178.251945
1.544253559746015	0.8795668117216970	0.1292183283901385	2.433701254075754	2.497343157945974	0.2011579391393157	-0.008495618415852581	-0.008777021574789835	-0.002367790554065045	-0.002202420516813224	5.320824425392373	-3.477537000000000	193.7300000000000	3805210181.256659
1.710128786435303	0.9733352334940986	0.1458329901417453	2.438717174527659	2.498838798067512	0.2011999668963036	-0.008465468077405051	-0.008808999206438652	-0.002352258561613894	-0.002188715817605243	5.312767832565039	-3.477547000000000	193.7400000000000	3805210184.252104
1.845480928136531	1.042900253648430	0.1597980768531173	2.437326604385307	2.497483860114772	0.2014247239349008	-0.008452677024705434	-0.008728598303964927	-0.002395199952515171	-0.002153083599650336	5.311495113888570	-3.489860000000000	197.4600000000000	3805210187.255549
1.928274654353319	1.075259773999806	0.1684786321542496	2.436236623731563	2.499291967161673	0.2029121403396360	-0.008440799618631254	-0.008762403228876729	-0.002344035742064743	-0.002200593223629699	5.292621782957302	-3.489874000000000	200.7700000000000	3805210190.254725
1.998104655369443	1.097361788706710	0.1769207256618187	2.438528050231023	2.499811832307969	0.2018477422452348	-0.008488309242850474	-0.008831840371989837	-0.002347690328556207	-0.002222520742334979	5.260400897916874	-3.489881000000000	200.8000000000000	3805210193.253675
2.061031146663411	1.115318590709552	0.1840425999586835	2.436513458954023	2.500607618702905	0.2031889751987949	-0.008490136536125063	-0.008861990710421644	-0.002433573110310655	-0.002213384276145168	5.243927736415817	-3.489891000000000	200.8100000000000	3805210196.250897
2.109301836158394	1.124272323268725	0.1892768806084269	2.435912279179391	2.497115660242767	0.2029212768112433	-0.008456331611160271	-0.008816308379390486	-0.002406163711845765	-0.002184147584529276	5.230628605688845	-3.489899000000000	200.8200000000000	3805210199.251083
2.140251614944086	1.123626375419658	0.1936431970924185	2.436831407793801	2.498046666666823	0.2027175336386849	-0.008519373227941269	-0.008805344619973591	-0.002387890779596207	-0.002190543110838465	5.217943450373756	-3.502525000000000	203.9600000000000	3805210202.255270
2.166592960960636	1.121576153392494	0.1969405471949837	2.437850124041843	2.499918728908046	0.2022415238534314	-0.008501100295526825	-0.008754180409341183	-0.002397027245729849	-0.002163133712388377	5.190824410123697	-3.502531000000000	208.7600000000000	3805210205.256063
2.191880873003377	1.120921982727905	0.2003831670769718	2.437036064970433	2.499437237218846	0.2031990252974177	-0.008573278378492564	-0.008811740146329173	-0.002382408899885768	-0.002191456757433452	5.176161198405009	-3.502543000000000	208.7900000000000	3805210208.255142
2.208100842324694	1.117705034529872	0.2027431158959495	2.437597043773521	2.500270483315833	0.2032154709740491	-0.008481000069888941	-0.008838235898352437	-0.002413472884785415	-0.002223434388960611	5.162529501448915	-3.502553000000000	208.8100000000000	3805210211.252531
2.218078777732467	1.113548858059922	0.2042634236102006	2.442065690707416	2.500699896814543	0.2007221297928592	-0.008518459581296366	-0.008734993830239724	-0.002413472884812813	-0.002174097471772447	5.146112992110999	-3.502560000000000	208.8200000000000	3805210214.255985
2.224422226692637	1.110171108135293	0.2051779837183626	2.438804885186137	2.502796717113119	0.2023100473338277	-0.008540387100203941	-0.008786158040962702	-0.002348603975155750	-0.002183233937901502	5.132066498148641	-3.514946000000000	211.7700000000000	3805210217.257026
2.227499388754520	1.108284428775361	0.2054255819081657	2.438027371717374	2.501537711650000	0.2036512803420308	-0.008477345483453035	-0.008852854244249336	-0.002368704200675092	-0.002175011118349697	5.129427869702798	-3.514946000000000	217.4900000000000	3805210220.252117
2.229491138549962	1.109366185851452	0.2057956087283480	2.438829553634315	2.503145730124138	0.2023502477689906	-0.008510236761800270	-0.008821790259160422	-0.002392459012637512	-0.002175011118385958	5.133773201006602	-3.514957000000000	217.5300000000000	3805210223.251970
2.228382885108864	1.112409541274367	0.2056485116462669	2.436795775424470	2.501069924215632	0.2027038289639655	-0.008385980821466412	-0.008777021574724160	-0.002418954764467634	-0.002158565479310245	5.138221775037167	-3.514964000000000	217.5500000000000	3805210226.256544
2.218067813979222	1.113905180069824	0.2043858522374481	2.435907710756413	2.500110595096843	0.2016695811722218	-0.008520286874550122	-0.008805344620004155	-0.002388804426208660	-0.002192370404041623	5.141907449277824	-3.514974000000000	217.5700000000000	3805210229.256422
2.202633580624926	1.115881396755755	0.2024215123426144	2.436705324696014	2.502676115577120	0.2022597967817464	-0.008510236761751057	-0.008765144168733712	-0.002397027245745443	-0.002187802170996015	5.131220455925535	-3.527624000000000	219.8900000000000	3805210232.256530
2.183850832506065	1.119436394039977	0.1995426123287768	2.436665124063231	2.501108297544927	0.2017490684420639	-0.008481000069950022	-0.008797121800407433	-0.002341294802245411	-0.002172270178519583	5.118709812487673	-3.527629000000000	227.5000000000000	3805210235.252277
2.157316706651625	1.121926993525475	0.1963174403051748	2.437681099489177	2.501485633680522	0.2024982584920634	-0.008473690896970346	-0.008731339243799490	-0.002371445140518886	-0.002203334163381626	5.109517555287347	-3.527636000000000	227.5400000000000	3805210238.252905
2.123907390711287	1.123116560851370	0.1918350907273932	2.437004087214473	2.503733205151184	0.2029404633917589	-0.008487395596225899	-0.008767885108563668	-0.002400681832184768	-0.002175924765014255	5.103542268412946	-3.527641000000000	227.5700000000000	3805210241.251570
2.076634402683055	1.117988264845710	0.1861805327095054	2.436486049286404	2.501281890546546	0.2030035049923856	-0.008512977701618355	-0.008824531198993362	-0.002382408899900003	-0.002142119840287204	5.105448147232962	-3.527651000000000	227.5700000000000	3805210244.256406
2.005072123708975	1.099047465906588	0.1776379381476563	2.436623096568296	2.502539068625163	0.2017262272542158	-0.008463640784116140	-0.008785244394351664	-0.002405250065266362	-0.002184147584525245	5.100983127997738	-3.540214000000000	238.7000000000000	3805210247.256915
1.923975947903424	1.075136431765908	0.1683397578841658	2.437960675192591	2.503941516945096	0.2021602092963405	-0.008521200521159320	-0.008842804131369659	-0.002397940892342581	-0.002166788298870398	5.102641407123965	-3.540222000000000	238.7500000000000	3805210250.252053
1.784978350821592	1.011923993580568	0.1534838659258745	2.439247089918903	2.503832792689630	0.2033744454789412	-0.008441713265231247	-0.008804430973354120	-0.002375099726982396	-0.002175924765005680	5.113020498650262	-3.540234000000000	238.7800000000000	3805210253.252799
1.568470668324467	0.8925954063486095	0.1318277028250135	2.436135208838463	2.503972580607347	0.2017591185237715	-0.008512977701587796	-0.008863818003688687	-0.002457327922295382	-0.002185061231153548	5.121407828210054	-3.540238000000000	238.8200000000000	3805210256.256269
1.323833665349885	0.7481972785994699	0.1077786991084151	2.439767869096327	2.504265861587895	0.2021931005994353	-0.008429835859170827	-0.008789812627445119	-0.002396113599146424	-0.002201506870183051	5.119734930522960	-3.540243000000000	238.8300000000000	3805210259.257426
1.088751587164622	0.6028745351042339	0.08502890031408609	2.437165802702696	2.505476443613307	0.2025695229021195	-0.008499273002312027	-0.008789812627437553	-0.002395199952496355	-0.002138465253786360	5.104026504198798	-3.552515000000000	251.1400000000000	3805210262.257125
0.7902642905556410	0.4000870834481821	0.05627552950743751	2.436372757044793	2.505242549974712	0.2021994961429779	-0.008443540558499888	-0.008865645296887784	-0.002386063486360030	-0.002174097471804139	5.091680319321895	-3.552521000000000	251.3500000000000	3805210265.255249
0.5388736132700043	0.2228168414120891	0.03382631947922431	2.436766538975265	2.505986258447110	0.2031122289163118	-0.008466381724012328	-0.008787985334215664	-0.002389718072801496	-0.002185061231141469	5.090368314459058	-3.552524000000000	251.3900000000000	3805210268.252199
0.3655594745852212	0.09724252707857141	0.01881053775788296	2.436791207367270	2.503283690991795	0.2028509260356289	-0.008441713265223406	-0.008819962965880172	-0.002399768185559144	-0.002173183825153799	5.093762533165765	-3.552532000000000	251.4300000000000	3805210271.256614
0.2823774529801318	0.03717940241227562	0.01228801468155607	2.439599757565572	2.503017819645032	0.2017106952724730	-0.008440799618616121	-0.008751439469392285	-0.002400681832198202	-0.002154910892880330	5.094476095551507	-3.552537000000000	251.4500000000000	3805210274.252086
0.2382391941713162	0.005911675019548420	0.009673158102443782	2.436856990153824	2.503164917047410	0.2027997618245462	-0.008479172776682233	-0.008828185785472533	-0.002394286305882541	-0.002198765930376845	5.096478821701456	-3.565224000000000	265.6100000000000	3805210277.258729
0.2129585969652570	-0.01024981993185722	0.007793787037282358	2.437737745513594	2.504202819828877	0.2009816053435813	-0.008515718641430454	-0.008788898980811330	-0.002374186080365368	-0.002112883148570815	5.099039789361422	-3.565229000000000	266.4800000000000	3805210280.252486
0.1982297023677641	-0.01824057330640665	0.007083883625505343	2.438477799507711	2.505337568981048	0.2023429386318101	-0.008458158904410011	-0.008794380860512064	-0.002418041117902218	-0.002140292547059334	5.103020572796677	-3.565231000000000	266.5200000000000	3805210283.257452
0.1881549227488555	-0.02316878322669341	0.006503718022881451	2.437043373866934	2.504099577613833	0.2018778925586542	-0.008462727137533217	-0.008820876612495303	-0.002396113599122778	-0.002151256306424887	5.107999978574060	-3.565238000000000	266.5700000000000	3805210286.252616
0.1805104426890680	-0.02607143857973302	0.006741266146079199	2.438115995344085	2.503748737325120	0.2015608572667720	-0.008543128040055022	-0.008828185785458175	-0.002435400403554629	-0.002159479125928333	5.104062136581567	-3.565248000000000	266.6000000000000	3805210289.253907
0.1741368448432266	-0.02813719362180798	0.005959184649586852	2.438750979747702	2.503921416643820	0.2024662808990223	-0.008654592927694407	-0.008916809507645911	-0.002374186080356777	-0.002185061231147094	5.095040732778706	-3.577685000000000	282.0000000000000	3805210292.256889
0.1693447690345773	-0.02969313384404471	0.005682349725576028	2.436939218075851	2.502820471968129	0.2022725878621849	-0.008576019318374144	-0.008846458717900432	-0.002370531493907506	-0.002142119840232916	5.084276994332587	-3.577691000000000	284.2200000000000	3805210295.255533
0.1651767137603787	-0.03104533086812254	0.005497793116611298	2.436657814796618	2.502482422699845	0.2025402862333762	-0.008537646160380261	-0.008825444845597174	-0.002365963260815691	-0.002175924764977723	5.065198106443384	-3.577696000000000	284.2600000000000	3805210298.252753
0.1621123434343160	-0.03219652563315523	0.005964666525545997	2.436176322967846	2.500652387867258	0.2020003211875099	-0.008470949957120933	-0.008798035446994716	-0.002396113599131374	-0.002187802170965663	5.056913107458924	-3.577701000000000	284.3000000000000	3805210301.252111
0.1594874370638974	-0.03318691859077409	0.005608344351254719	2.437524866272871	2.504762885860091	0.2031688750333882	-0.008576932965016311	-0.008827272138831709	-0.002422609350967428	-0.002173183825141983	5.054716687464754	-3.577706000000000	284.3600000000000	3805210304.251503
0.1569566362772313	-0.03414167933024363	0.004900268228424123	2.436539041065195	2.504595688050870	0.2018733243373284	-0.008482827363129735	-0.008803517326749858	-0.002431745817103751	-0.002173183825162673	5.048290971138158	-3.589924000000000	301.7100000000000	3805210307.252878
0.1551174658830382	-0.03499959352652751	0.005537079913475927	2.439155725582168	2.505909512413246	0.2016723221196742	-0.008559573679205141	-0.008792553567279657	-0.002427177584004681	-0.002165874652235404	5.046025113559155	-3.589923000000000	305.5600000000000	3805210310.256586
0.1532024628269491	-0.03561904594985647	0.005557180137999498	2.437045201344301	2.502106000115713	0.2026736786395605	-0.008491050182695851	-0.008860163417206805	-0.002396113599098330	-0.002196024990478532	5.044332116048500	-3.589929000000000	305.6200000000000	3805210313.252594
0.1516611411858375	-0.03630610822506643	0.004783321463978435	2.439329318091884	2.502451358431923	0.2038129957613647	-0.008449022438200357	-0.008787985334195426	-0.002364135967624379	-0.002212470629591308	5.044392416987494	-3.589932000000000	305.6900000000000	3805210316.256766
0.1503473175210967	-0.03671450827447255	0.005423787734778236	2.438750066177897	2.506463182252769	0.2021501592082502	-0.008511150408382684	-0.008827272138838476	-0.002401595478810109	-0.002219779802503272	5.047658723756830	-3.589938000000000	305.7700000000000	3805210319.257590
0.1489786750650640	-0.03717407253609015	0.004954173378739336	2.437379595555238	2.505444465757475	0.2030089868939441	-0.008503841235386797	-0.008766057815318874	-0.002411645591580926	-0.002153083599638781	5.050195022450093	-3.602414000000000	327.5900000000000	3805210322.252201
0.1476365283561086	-0.03753222202042945	0.004681906691688791	2.438794834950551	2.502614901169091	0.2020167668354992	-0.008438972325394251	-0.008769712401807479	-0.002360481381147710	-0.002175011118351594	5.050093607028729	-3.602419000000000	333.8500000000000	3805210325.259119
0.1466927315204583	-0.03796072229653089	0.004534809585107246	2.437748709051479	2.504675174825108	0.2018769788996740	-0.008503841235379762	-0.008800776386895002	-0.002362308674361603	-0.002186888524409067	5.048839162544482	-3.602425000000000	333.9200000000000	3805210328.256227
0.1458613132038692	-0.03809046012004756	0.004466286089031307	2.437781600359670	2.504324334479615	0.2023127883051282	-0.008533991573920346	-0.008793467213919388	-0.002399768185569898	-0.002209729689706656	5.031805030527996	-3.602432000000000	334.0000000000000	3805210331.253160
0.1451651145691516	-0.03837003599323875	0.004638965296266323	2.436550918570738	2.503779801446288	0.2023941028225940	-0.008485568302996753	-0.008781589807871670	-0.002421695704331068	-0.002227088975406097	5.019916588481983	-3.602433000000000	334.1100000000000	3805210334.252742
0.1443190779075383	-0.03870534431191328	0.004707488795297422	2.438392830229763	2.503531289247100	0.2015279659744435	-0.008440799618643972	-0.008792553567255869	-0.002374186080355163	-0.002211556982936409	5.011618799661712	-3.614986000000000	362.3600000000000	3805210337.257094
0.1439006278090337	-0.03879944991632089	0.004529327707680466	2.440318797642164	2.503359524067367	0.2028454441653014	-0.008503841235417647	-0.008815394732761574	-0.002377840666824858	-0.002120192321491400	5.009303605165511	-3.614987000000000	376.8400000000000	3805210340.255056
0.1433021893491637	-0.03892644679999714	0.004536636877341051	2.439288204520688	2.504236624902507	0.2033397268839223	-0.008503841235396555	-0.008756007702494909	-0.002393372659276024	-0.002159479125920576	5.001437060496221	-3.614992000000000	377.0100000000000	3805210343.258224
0.1428115611765036	-0.03922064101971830	0.004744948307097817	2.438637687618765	2.505300109590606	0.2031167971383462	-0.008492877475945829	-0.008753266762629273	-0.002379667960047873	-0.002158565479344635	4.992162578060297	-3.614997000000000	377.1700000000000	3805210346.252813
0.1422752506784586	-0.03928276899163871	0.004519277592297866	2.437144788630087	2.507090857696337	0.2027540795079599	-0.008462727137521843	-0.008764230522079704	-0.002391545366064289	-0.002175924765017488	4.993801669926658	-3.615004000000000	377.2900000000000	3805210349.257443
0.1418449231747444	-0.03925627323889656	0.004723934435444159	2.439979834994862	2.506058436628154	0.2026654558102538	-0.008456331611212176	-0.008757834995735696	-0.002364135967595897	-0.002181406644712321	4.990662361380999	-3.627698000000000	412.8700000000000	3805210352.258009
0.1417773133333804	-0.03925535959230977	0.004931332213595430	2.438422066733497	2.504132469072342	0.2037536087394100	-0.008460899844231864	-0.008826358492268540	-0.002384236193131886	-0.002129328787663178	4.982236662160807	-3.627700000000000	444.6400000000000	3805210355.256720
0.1417599540497843	-0.03923891395268209	0.005048278976395562	2.439978921375853	2.504608479241544	0.2021181815544454	-0.008472777250355263	-0.008840976838149450	-0.002376013373618230	-0.002140292547062569	4.975340416580695	-3.627703000000000	444.8300000000000	3805210358.252972
0.1416932578549246	-0.03959889073106981	0.004398676239464318	2.437413401041677	2.505818147448668	0.2037554360338646	-0.008460899844268630	-0.008736821123520505	-0.002334899275917146	-0.002163133712417918	4.967296624258135	-3.627709000000000	445.0600000000000	3805210361.252978
0.1412921670391757	-0.03966558693614117	0.003899825191767083	2.439851924490846	2.505674705266466	0.2010117557442946	-0.008461813490896712	-0.008807171913245480	-0.002354999501469516	-0.002164961005665903	4.958089753251468	-3.627714000000000	445.2200000000000	3805210364.251635
0.1409312766695400	-0.03967380975597898	0.004237874437750921	2.442180810326906	2.507088116189622	0.2052784846755804	-0.008491050182719130	-0.008839149544952154	-0.002348603975161670	-0.002201506870197289	4.950290820142714	-3.640237000000000	464.6400000000000	3805210367.254592
0.1408380847259826	-0.03969390998217961	0.004282643119045763	2.436756488986996	2.504366362877587	0.2027760070552723	-0.008504754882007344	-0.008845545071243728	-0.002397027245738980	-0.002211556982939905	4.941808475516916	-3.640241000000000	506.0400000000000	3805210370.252547
0.1408353437864728	-0.03969299633553387	0.004549427929319894	2.440094954791211	2.507226991105067	0.2041921590346019	-0.008461813490855360	-0.008754180409268453	-0.002414386531418553	-0.002192370404082451	4.938093566833497	-3.640244000000000	506.2600000000000	3805210373.257688
0.1408581849491085	-0.03969847821540986	0.004423344695226162	2.439917706773883	2.506631293193201	0.2016841995086475	-0.008465468077355313	-0.008763316875440260	-0.002391545366061075	-0.002161306419171253	4.926682968309994	-3.640250000000000	506.4000000000000	3805210376.257888
0.1407677339450470	-0.03972954220137754	0.004290865941418242	2.438992182377431	2.509496489886009	0.2029870593706421	-0.008455417964521374	-0.008815394732804292	-0.002394286305882571	-0.002168615592072744	4.910880445802247	-3.640253000000000	506.5300000000000	3805210379.257782
0.1403830887661285	-0.03970578738856849	0.004060626996070960	2.438856963121605	2.506871582537939	0.2022168554060646	-0.008510236761733495	-0.008778848867950335	-0.002421695704342888	-0.002166788298839245	4.902045432709568	-3.652446000000000	514.7700000000000	3805210382.257883
0.1403977071102186	-0.03971309656173209	0.004626174246184753	2.441414260748830	2.503580626259569	0.2022040643271740	-0.008459072551009703	-0.008765144168718868	-0.002394286305895197	-0.002190543110836049	4.899164688522422	-3.652446000000000	559.0000000000000	3805210385.258325
0.1403666431290211	-0.03968203257579311	0.004378576017135601	2.442148832982642	2.507836393895135	0.2026197734850534	-0.008523027814412013	-0.008806258266585175	-0.002403422772029103	-0.002203334163438046	4.902050001007455	-3.652451000000000	559.2200000000000	3805210388.252573
0.1406215505041238	-0.03972497396814181	0.004564046273525474	2.433026068538756	2.510337045512455	0.2020368670471590	-0.008522114167822023	-0.008803517326704929	-0.002420782057679381	-0.002205161456653275	4.904324993922450	-3.652458000000000	559.4000000000000	3805210391.257730
0.1408188981493703	-0.03970487374193220	0.005152434694170388	2.434718142231296	2.519317281162454	0.2038842602139196	-0.008472777250346888	-0.008697534318814168	-0.002409818298324588	-0.002224348035578692	4.901181118102680	-3.652460000000000	559.5500000000000	3805210394.253454
0.1412647576440205	-0.03936591083639784	0.005185325970775762	2.435433528012501	2.518503221585456	0.2018660151315716	-0.008507495821863552	-0.008842804131371859	-0.002396113599101549	-0.002178665704871497	4.903637014127896	-3.664868000000000	611.2000000000000	3805210397.257267
0.1416594529342276	-0.03928550993160406	0.004780580522117217	2.430099657247993	2.511062481121445	0.2021410227777694	-0.008460899844236713	-0.008736821123411870	-0.002384236193136736	-0.002160392772530588	4.909668943427533	-3.664871000000000	612.4200000000000	3805210400.253174
0.1418147728400739	-0.03928642357828714	0.004668201988191431	2.440821303266647	2.465300645844576	0.2019701708987607	-0.008421613039620914	-0.008743216649867245	-0.002380581606672685	-0.002220693449109032	4.907236802356157	-3.664874000000000	612.6900000000001	3805210403.257889
0.1421720086234264	-0.03930104192458515	0.005040056157567792	2.418539282608907	2.517919401079374	0.2041610951215381	-0.008495618415847729	-0.008773366988258506	-0.002363222320995547	-0.002240793674636939	4.904529651971638	-3.664880000000000	612.9200000000000	3805210406.253868
0.1425493446297763	-0.03893741055976772	0.004709316084929895	2.439595189692216	2.504475086521109	0.2022113735235765	-0.008466381723969072	-0.008798035446983911	-0.002379667960058891	-0.002200593223580262	4.898363415942551	-3.664886000000000	613.1000000000000	3805210409.257440
0.1429878949518127	-0.03880950002944043	0.004759566648496654	2.436584722898298	2.507818120346772	0.2020450898734519	-0.008498359355673113	-0.008809912853066506	-0.002418041117850083	-0.002206075103283454	4.885958765798010	-3.677533000000000	657.3600000000000	3805210412.252767
0.1437005392247702	-0.03860210224109078	0.004994373828423299	2.442572765325306	2.508485083127295	0.2021921869466312	-0.008483741009748655	-0.008769712401816170	-0.002438141343394403	-0.002230743561879021	4.871744171951630	-3.677537000000000	670.7200000000000	3805210415.257483
0.1442267996107251	-0.03835084941375662	0.004601505784937710	2.441185848593953	2.506909041900864	0.2027924526644810	-0.008458158904388903	-0.008763316875449689	-0.002425350290808814	-0.002206075103302538	4.876070312908714	-3.677545000000000	671.1000000000000	3805210418.253232
0.1452354653498222	-0.03812609233922178	0.005257504051105174	2.445750428872585	2.508328849301626	0.2027632159953831	-0.008445367851700931	-0.008768798755139905	-0.002377840666804432	-0.002187802171014821	4.879986224236917	-3.677551000000000	671.4100000000000	3805210421.258138
0.1463738688913953	-0.03788214868517205	0.005220044542000179	2.438926400323689	2.505988085730705	0.2023803981146338	-0.008489222889490501	-0.008758748642365437	-0.002397027245734686	-0.002237139088158673	4.882593786358123	-3.677555000000000	671.7200000000000	3805210424.253548
0.1476849516206356	-0.03739243408397270	0.005097615894407332	2.436755574954364	2.506596574562166	0.2025101359347626	-0.008511150408351041	-0.008791639920689449	-0.002384236193099652	-0.002169529238663686	4.887204986755305	-3.690104000000000	708.7000000000000	3805210427.257356
0.1491732817694782	-0.03691916512263450	0.005144211872461229	2.442772853658064	2.510147007006863	0.2023319748496148	-0.008492877475957188	-0.008808085559815170	-0.002362308674374494	-0.002209729689737288	4.885281749872462	-3.690107000000000	734.1000000000000	3805210430.253122
0.1511001622359106	-0.03626133953956469	0.005239231115521775	2.433681153617280	2.498627745478844	0.2016577037531846	-0.008483741009763767	-0.008769712401789913	-0.002379667960044653	-0.002199679576987701	4.877177658808776	-3.690116000000000	734.4600000000000	3805210433.253882
0.1532673317281338	-0.03542718015493648	0.005876956453545816	2.428250435532081	2.499529515271742	0.2028417896229200	-0.008456331611126765	-0.008789812627432662	-0.002371445140511635	-0.002157651832725202	4.873760601373101	-3.690121000000000	734.8300000000000	3805210436.258427
0.1556610855477364	-0.03452632456622987	0.005402773862380146	2.421222664676560	2.509366752015962	0.1994028242490339	-0.008544955333315837	-0.008847372364504497	-0.002386977132952316	-0.002215211569446124	4.863914176884547	-3.690127000000000	735.1200000000000	3805210439.258295
0.1584924760330411	-0.03330569265402801	0.005754527805282119	2.441952398843392	2.505584253218794	0.2028162074668065	-0.008576932964984695	-0.008877522702972832	-0.002410731944957729	-0.002215211569447191	4.860583002873095	-3.702770000000000	766.4000000000000	3805210442.252729
0.1620538700586476	-0.03194892739396985	0.005560834727043808	2.441091743083937	2.510300499818122	0.2031003515269869	-0.008486481949584007	-0.008790726274010211	-0.002406163711866996	-0.002193284050695721	4.858909192940710	-3.702789000000000	805.4200000000000	3805210445.258817
0.1665435289061461	-0.03014995716282800	0.005996644159093885	2.434372784084374	2.500363675127385	0.2014037100375574	-0.008545868979941001	-0.008853767890854451	-0.002407077358512215	-0.002209729689737291	4.858375620348648	-3.702792000000000	806.0300000000000	3805210448.257185
0.1730925469122501	-0.02797730546065422	0.005440233374929483	2.440176269159247	2.507000406198982	0.2019089565383618	-0.008479172776682496	-0.008802603680113081	-0.002397027245729048	-0.002196024990549430	4.861065410897832	-3.702800000000000	806.4299999999999	3805210451.255362
0.1829179011541869	-0.02464614983170330	0.005800210140890892	2.416010308886436	2.486237779066085	0.2001319141812810	-0.008512064055036192	-0.008808999206459505	-0.002409818298318947	-0.002202420516816194	4.857218937393420	-3.702806000000000	806.7600000000000	3805210454.254714
0.1977829292381987	-0.01767776698614517	0.006929477345927366	2.439726755094320	2.508259412051116	0.2003091615747524	-0.008442626911891786	-0.008850113304379867	-0.002349517621777611	-0.002124760554579159	4.856348227245052	-3.715095000000000	825.3099999999999	3805210457.253481
0.2296289900518441	0.001670527435578871	0.009441091865999108	2.350441527054109	2.480469010216662	0.1925632667769621	-0.008491050182701000	-0.008907673041398684	-0.002386063486335036	-0.002233484501739765	4.850162805627535	-3.715106000000000	892.5100000000000	3805210460.254129
0.3239246087553044	0.06849463815865965	0.01514407395658199	2.451089780357019	2.522158724459263	0.2011752984439945	-0.008522114167784176	-0.008796208153755833	-0.002402509125406433	-0.002213384276182796	4.841471237470230	-3.715110000000000	893.4000000000000	3805210463.254365
0.6452768548154183	0.2982136831715457	0.04384445418631155	2.457482568970117	2.543305995982596	0.2056338932056375	-0.008466381723997451	-0.008852854244273388	-0.002387890779588413	-0.002222520742329596	4.835123186010767	-3.715116000000000	893.8700000000000	3805210466.257865
1.178665336251773	0.6540917154428802	0.09389309899315844	2.407270362376179	2.473741829043186	0.1998770068329840	-0.008493791122599882	-0.008870213529980993	-0.002460068862173577	-0.002172270178500253	4.837509644010598	-3.715118000000000	894.2300000000000	3805210469.258769
1.705487466857648	0.9598854478608764	0.1462806768658150	2.438446735876427	2.505688409782997	0.2024653672284043	-0.008551350859637902	-0.008854681537416543	-0.002396113599112305	-0.002179579351451702	4.840089796190364	-3.727613000000000	896.6900000000001	3805210472.253741
2.032543649010346	1.094500248877243	0.1808192551677629	2.446336076677641	2.510968375281261	0.2024909493453114	-0.008483741009744842	-0.008808999206465174	-0.002429918523878049	-0.002155824539475046	4.841698736668707	-3.727620000000000	1011.500000000000	3805210475.259078
2.196026088351410	1.104729431493893	0.2008637451144395	2.443911257148370	2.509956054514026	0.2023529887099196	-0.008423440332862782	-0.008841890484841056	-0.002445450516345076	-0.002132069727497037	4.842577669555449	-3.727622000000000	1012.300000000000	3805210478.252898
2.264921444464815	1.050428698159087	0.2117863885589595	2.442126904838442	2.511044208391244	0.2026316508858326	-0.008503841235405167	-0.008829099432136835	-0.002384236193123041	-0.002132983374137704	4.852165529946987	-3.727627000000000	1012.800000000000	3805210481.259737
2.299545915109846	0.9752721634036295	0.2198109453695880	2.444473150435194	2.508793895468813	0.2018669288240331	-0.008527596047528192	-0.008811740146320527	-0.002405250065287049	-0.002229829915249902	4.858585760196793	-3.727630000000000	1013.400000000000	3805210484.254442
2.323279717270510	0.8961732449090689	0.2253229744060447	2.442557232501232	2.511447126138807	0.2022716741875307	-0.008513891348189412	-0.008851026950931195	-0.002380581606684518	-0.002184147584535453	4.871144816511574	-3.740125000000000	1115.600000000000	3805210487.257968
2.334385093976524	0.8143343005676771	0.2293055592707898	2.444957383094351	2.513022253096370	0.2020131122361777	-0.008488309242842365	-0.008886659169162944	-0.002421695704347974	-0.002164961005611921	4.880703440885097	-3.740131000000000	1135.200000000000	3805210490.257989
2.343974730773358	0.7349210855389029	0.2336344161259789	2.445206808489453	2.513350253129393	0.2020779811426826	-0.008501100295547388	-0.008846458717861272	-0.002405250065271466	-0.002151256306418967	4.888302282540710	-3.740140000000000	1136.400000000000	3805210493.253284
2.348863654825428	0.6581857658981637	0.2365617393269444	2.445926762810190	2.505355842001380	0.2041154127395838	-0.008495618415848524	-0.008821790259167470	-0.002390631719452121	-0.002184147584523921	4.897333730327257	-3.740142000000000	1137.200000000000	3805210496.257647
2.348230497587793	0.5851342660132371	0.2391683726213316	2.440396457519277	2.518827566474826	0.2009030317854087	-0.008513891348210238	-0.008858336123962994	-0.002346776681885449	-0.002196938637109523	4.904647513083394	-3.740144000000000	1138.000000000000	3805210499.254077
2.347162444470660	0.5176779338864229	0.2411555536271391	2.445373092732174	2.508557260849987	0.2030226915394364	-0.008513891348191843	-0.008892141048857501	-0.002445450516342111	-0.002199679576996275	4.916314846941510	-3.381681000000000	1138.400000000000	3805210502.258235
2.345305914162711	0.4557866194256037	0.2424839955457538	2.442204565427081	2.510182638918517	0.2026398737308248	-0.008583328491307031	-0.008872954469875828	-0.002401595478794785	-0.002206075103268681	4.927509823279809	-1.506924000000000	58.16600000000000	3805210505.257634
2.343562676061503	0.4004324426473397	0.2436817860254766	2.443738578235073	2.511407839804659	0.2009898281878618	-0.008616219769631270	-0.008957923605532542	-0.002407991005097539	-0.002140292547043760	4.939204567497574	-0.005906000000000000	44.48200000000000	3805210508.253698
2.348328257796441	0.3533010815335380	0.2457685544855311	2.442485968554156	2.507519358159442	0.2022086325724433	-0.008511150408359423	-0.008845545071283160	-0.002384236193140489	-0.002161306419158625	4.950998900342475	-0.005874000000000000	44.02800000000000	3805210511.259350
