4.464934602802374	-0.1275154565497835	0.9881253378984753	-1.073663908443451	1.445277349030133	0.2431418209029536	-0.008877522702927156	-0.008799862740265832	5.440983540721279	-0.002279166832423542	-0.9906608206506009	-1.070996966591227	-6.381042660411960	0.000007000000000000000	221.7700000000000	3806588313.544600
4.463939637304629	-0.1044732864601861	0.9873478249986490	-1.071568913979309	1.445902283065576	0.2424775999554805	-0.008880263642867810	-0.008762403228862433	5.452469991208853	-0.002305662584241054	-1.012680646197956	-1.068610517305426	-6.373281049161500	-0.1220950000000000	222.6600000000000	3806588316.542953
4.462169896107657	-0.08174358405508378	0.9863355050303226	-1.071542417614230	1.447533141542528	0.2428394039121594	-0.008928686913731859	-0.008751439469442283	5.432640060353886	-0.002268203073043768	-1.012488779810111	-1.066454307472933	-6.379175113702592	-0.1221150000000000	222.8300000000000	3806588319.543391
4.461038796680343	-0.06001067065405431	0.9853295805851919	-1.072058628871626	1.448090465677187	0.2437868552660148	-0.008830013078785014	-0.008782503454533064	5.431226637074653	-0.002323935516512372	-1.012142506703759	-1.057495076219826	-6.388930335238300	-0.1221520000000000	222.9700000000000	3806588322.539558
4.457833710438383	-0.03943260705625312	0.9838147552171886	-1.071201626964899	1.445709503728708	0.2438288829929178	-0.008843717778023169	-0.008746871236359073	5.402660356243142	-0.002303835291004321	-1.070456996316556	-1.057325139744713	-6.368749259148773	-0.1221980000000000	222.8600000000000	3806588325.543610
4.452391093991330	-0.01962292066773417	0.9819655353467458	-1.071081939044137	1.446864352498781	0.2434542879559164	-0.008883918229346520	-0.008761489582305699	5.432962576176060	-0.002332158336040559	-1.109669852912919	-1.057162510702414	-6.360906317480445	-0.1222400000000000	222.8100000000000	3806588328.543567
4.445633734480045	-0.0004253778663160173	0.9799006949772940	-1.073262816604026	1.445813659364483	0.2423396393122204	-0.008950614432605562	-0.008815394732850540	5.402079264566244	-0.002347690328491979	-1.107361978113812	-1.053568220452998	-6.371478399273312	-0.2477100000000000	223.6200000000000	3806588331.540262
4.444946669268151	0.01805221108803063	0.9791999283562762	-1.071790929951007	1.447673843052634	0.2432642495125308	-0.009051115560737170	-0.008964319131906468	5.406051829320613	-0.002371445140515652	-1.099304516117914	-1.050241625930126	-6.375982759638507	-0.2477750000000000	223.4700000000000	3806588334.539406
4.447868523722206	0.03512826588350856	0.9795717823520560	-1.073175106497044	1.446451384434014	0.2415767445476273	-0.009001778643283390	-0.008883918229410967	5.419748407282914	-0.002343122095442899	-1.105590414145632	-1.050584242548616	-6.369661110227568	-0.2478280000000000	223.4600000000000	3806588337.538038
4.450722768059643	0.05056432482988382	0.9796932972941641	-1.071578963204511	1.449675641911406	0.2427992034784315	-0.008849199657737474	-0.008721289130987190	5.440798079486881	-0.002309317170665598	-1.109940292266621	-1.050006816636202	-6.363466422597498	-0.2478940000000000	223.5200000000000	3806588340.542838
4.453333981368801	0.06495791284797743	0.9800587557666621	-1.072645190511816	1.447701252379836	0.2432953134747095	-0.008885745522604916	-0.008705757138468398	5.417059537141341	-0.002361395027734645	-1.117684372800767	-1.052973431372573	-6.379124868081077	-0.2479750000000000	223.3700000000000	3806588343.541720
4.454978552391822	0.07805594988247759	0.9798248623442551	-1.072433224394809	1.448385573460806	0.2425141457816807	-0.008891227402282169	-0.008773366988306372	5.390088477047826	-0.002352258561598039	-1.197329815702017	-1.052809888273950	-6.379328616785547	-0.3722620000000000	223.9500000000000	3806588346.539424
4.455374163089053	0.09011425701033426	0.9794447855328567	-1.072038528648590	1.447636383509905	0.2430276150738699	-0.008876609056318782	-0.008736821123609840	5.427935653071630	-0.002353172208188728	-1.242482309087686	-1.054697485132198	-6.372183745677611	-0.3723370000000000	224.0900000000000	3806588349.543965
4.453766138086758	0.1004046579760073	0.9788938568855421	-1.072464288356104	1.446734614713893	0.2431171524219830	-0.008821790259120181	-0.008735907476902430	5.398640270905696	-0.002268203073044044	-1.289143239170153	-1.055855076940203	-6.363374128987062	-0.3723930000000000	223.9500000000000	3806588352.543003
4.452493422848041	0.1094963546115839	0.9784498248414260	-1.073482091646682	1.446099630408571	0.2429673144030366	-0.008891227402284849	-0.008692966085766096	5.426778967959581	-0.002280994125642271	-1.338186968239344	-1.057253871633214	-6.382055918618552	-0.3724690000000000	224.1400000000000	3806588355.545312
4.452162681343835	0.1171371805037302	0.9782862821749638	-1.073253680259900	1.447264529369130	0.2425899784614733	-0.008864731650263800	-0.008766971462053599	5.413619620439865	-0.002297439764696479	-1.393255300720923	-1.057231944033335	-6.380414046542282	-0.3725340000000000	224.1700000000000	3806588358.543446
4.453886739961805	0.1232302891486862	0.9786151948002373	-1.072486215962344	1.446640509203659	0.2437110225868466	-0.008902191161697461	-0.008765144168738083	5.446939652907300	-0.002314799050406923	-1.468941948443918	-1.059005334931459	-6.373523175225817	-0.4979900000000000	224.7400000000000	3806588361.539611
4.455382385944173	0.1275947785588420	0.9786992502489256	-1.072596767755852	1.447894031688447	0.2423633941639304	-0.008857422477332197	-0.008722202777628587	5.417228557366896	-0.002391545366014047	-1.503074948166077	-1.056906685698592	-6.370628656047232	-0.4980670000000000	224.7700000000000	3806588364.543539
4.455151232349567	0.1305175337572990	0.9787038184798306	-1.070123522526416	1.447275493359249	0.2424063355252933	-0.008870213529977803	-0.008734080183675674	5.438881223465227	-0.002329417396228721	-1.533977289300332	-1.053729018073825	-6.384361088850256	-0.4981420000000000	224.6800000000000	3806588367.539123
4.456420292995745	0.1318898308191252	0.9788810658390017	-1.071138584644880	1.447618110484267	0.2428211309657827	-0.008891227402291930	-0.008748698529637755	5.447460428134413	-0.002307489877465421	-1.529282962162825	-1.051613009970523	-6.370063126721508	-0.4982160000000000	224.6000000000000	3806588370.543063
4.457335770872118	0.1316129959259474	0.9791843963711954	-1.069376158622485	1.448306999950935	0.2428649860405878	-0.008869299883433508	-0.008770626048522955	5.452588777056468	-0.002292871531633417	-1.540792196119831	-1.055884317841072	-6.366067641880226	-0.4982930000000000	224.6200000000000	3806588373.543853
4.456732761492116	0.1295435865740198	0.9791012545686971	-1.073098359529838	1.447233465503649	0.2418124653377139	-0.008835494958440547	-0.008794380860582355	5.449878876965117	-0.002323935516536277	-1.580531351525785	-1.057073886741720	-6.369259073278648	-0.6225750000000000	225.3100000000000	3806588376.543020
4.455433550376427	0.1260607660590015	0.9786764090943925	-1.071377047942557	1.447867536102726	0.2419686988618969	-0.008895795635399426	-0.008780676161337146	5.475799233475115	-0.002307489877489321	-1.589022803627747	-1.059642149527284	-6.387562575066688	-0.6226510000000000	225.3700000000000	3806588379.538270
4.454394729677451	0.1211873755322802	0.9786882864947466	-1.072355564106547	1.445659253073620	0.2435337751576698	-0.008841890484785899	-0.008718548191139949	5.446995383154152	-0.002291044238398314	-1.560530664156503	-1.056979778020156	-6.374895507077039	-0.6227190000000000	225.5300000000000	3806588382.539372
4.454205604009606	0.1146429254944008	0.9786800636791176	-1.071087421796300	1.447037031657877	0.2426694656958190	-0.008868386236736966	-0.008745957589715272	5.445228382719749	-0.002276425892555037	-1.565806986238800	-1.060458035985354	-6.373660221414300	-0.6227970000000000	225.2300000000000	3806588385.543304
4.454850641312114	0.1065681174852398	0.9790153718276545	-1.069933483507558	1.447476495553806	0.2429801054617878	-0.008889400109018614	-0.008760575935629743	5.468109913670967	-0.002321194576694358	-1.573158204575986	-1.059198115004194	-6.369155824442774	-0.6228669999999999	225.4100000000000	3806588388.538546
4.456814076393393	0.09721146333303532	0.9798431352678872	-1.073165056304022	1.447362289654178	0.2425433824586473	-0.008930514206890325	-0.008786158041121588	5.427215695509386	-0.002347690328516444	-1.589016408050918	-1.054377708107211	-6.386076042368894	-0.7484690000000001	226.0800000000000	3806588391.544565
4.457520328288711	0.08663783191142491	0.9804890831180125	-1.072197503134077	1.446628631660254	0.2429563506596474	-0.008842804131401857	-0.008653679281139517	5.434418940256090	-0.002303835290982833	-1.571263297008866	-1.054942342638103	-6.378135383627826	-0.7485530000000000	226.0200000000000	3806588394.544303
4.456508917101250	0.07443151400707088	0.9805064423954586	-1.072543775335318	1.447920527515556	0.2425890647642309	-0.008863818003641352	-0.008758748642412762	5.460487307058726	-0.002280994125640650	-1.528346472033157	-1.052191348797970	-6.369736926054346	-0.7486270000000000	226.0600000000000	3806588397.539968
4.455138441242156	0.06119186171502459	0.9805868432594032	-1.070652524457484	1.446657868478314	0.2426758611937512	-0.008901277515107229	-0.008724030070867979	5.387397771493413	-0.002282821418874420	-1.581032944277053	-1.051140653794801	-6.380499020205799	-0.7487090000000000	226.0300000000000	3806588400.544726
4.451242635230291	0.04646479265130452	0.9801921481091178	-1.072564790196176	1.447601665054427	0.2431600938133292	-0.008849199657745834	-0.008687484206090286	5.477295785668003	-0.002313885403778625	-1.606498165847223	-1.050540387001331	-6.383869527238250	-0.7487890000000000	226.1800000000000	3806588403.543350
4.448710909531907	0.03055363742424725	0.9800706331670156	-1.073197947921645	1.444965795623206	0.2450239325306471	-0.008831840371930029	-0.008784330747845508	5.452348478302942	-0.002305662584214462	-1.556030943968417	-1.048474629086875	-6.375852125146528	-0.8730670000000000	226.9200000000000	3806588406.543427
4.451624541165130	0.01304268677924166	0.9810308753034477	-1.071257359064579	1.446373724516756	0.2440609491727846	-0.008823617552378805	-0.008768798755202598	5.417713705784460	-0.002330331042843593	-1.507060284052160	-1.049552734105559	-6.369656523860369	-0.8731470000000000	226.9500000000000	3806588409.545390
4.455952503902901	-0.005206490602730035	0.9824196174987563	-1.072273336015038	1.447251738406278	0.2430477152865835	-0.008878436349605327	-0.008777021574822051	5.443595673979078	-0.002284648712110340	-1.451632874667859	-1.052103638448593	-6.390607831129939	-0.8732310000000000	226.9900000000000	3806588412.539641
4.458113287514030	-0.02405227953409723	0.9837179087219998	-1.071098384523644	1.447386044468332	0.2431820213343875	-0.008859249770537871	-0.008753266762635490	5.438599825352666	-0.002259980253517188	-1.413086955263702	-1.053454010048442	-6.366005524228472	-0.8733080000000000	226.9700000000000	3806588415.544943
4.460076722614841	-0.04393323044169865	0.9849111306343327	-1.072661636566026	1.448240303713862	0.2429444732664764	-0.008958837252191791	-0.008754180409368267	5.425077748777507	-0.002308403524085655	-1.415345494700674	-1.058837223785210	-6.380825224363698	-0.8733970000000000	226.8600000000000	3806588418.544008
4.463173084456988	-0.06470315992554253	0.9862459677045976	-1.070201182168274	1.447342189515310	0.2429499551305486	-0.008862904357065500	-0.008767885108623790	5.451037392283100	-0.002304748937631826	-1.434390498214107	-1.058732154223329	-6.408692999711159	-0.9989370000000000	227.8500000000000	3806588421.539992
4.463996283640854	-0.08636024074913491	0.9869375978634826	-1.071768088764161	1.446774815074069	0.2427224571643428	-0.008881177289433813	-0.008753266762706378	5.465925382961430	-0.002311144463932678	-1.413318108380700	-1.064203991232941	-6.360637715290357	-0.9990140000000000	227.7700000000000	3806588424.544014
4.462856961351528	-0.1090433472751732	0.9873615296913626	-1.071288423215015	1.446480621123038	0.2423524303500610	-0.008890313755626735	-0.008766971461989428	5.477166972652380	-0.002300180704541359	-1.398206362005757	-1.069828408325614	-6.363843749194384	-0.9991060000000000	227.8400000000000	3806588427.543650
4.463680160535931	-0.1322042915439718	0.9882221843936280	-1.071632868843632	1.445089137879306	0.2428521949537258	-0.008861990710445140	-0.008734993830308905	5.492557459231403	-0.002267289426426478	-1.332293936653990	-1.071436429126324	-6.363775220388088	-0.9991820000000000	227.7900000000000	3806588430.543341
4.467652713340196	-0.1561372678553527	0.9898530428261159	-1.071694083315428	1.447766121258538	0.2432258763526356	-0.008800776386858238	-0.008744130296518682	5.477662162681804	-0.002303835291001361	-1.270426240191705	-1.073958097517130	-6.377939858273339	-0.9992610000000000	227.8200000000000	3806588433.545552
4.470278545182445	-0.1802675924531010	0.9910846378775588	-1.062280768266954	1.440162757321549	0.2446740059869558	-0.008864731650256190	-0.008701188905348739	5.450050637131887	-0.002260893900142801	-1.234642293495554	-1.073505841593641	-6.384175641745767	-1.123738000000000	228.7500000000000	3806588436.545724
4.468824013413788	-0.2047533262640076	0.9908955131181875	-1.072116188640460	1.449382361502889	0.2414588841562388	-0.008853767890790077	-0.008792553567370487	5.481509559152676	-0.002264548486586175	-1.218995154544117	-1.070876362866065	-6.376094231913554	-1.123817000000000	228.8400000000000	3806588439.545631
4.468315110026051	-0.2295524415694866	0.9913230995306762	-1.067668549914279	1.446502548596760	0.2432679040929081	-0.008811740146299448	-0.008738648416817114	5.458421531563954	-0.002257239313670171	-1.271753771095892	-1.067438306007160	-6.376599459749154	-1.123898000000000	228.9200000000000	3806588442.539713
4.469991658890834	-0.2543533848371755	0.9922988736514668	-1.069184291996832	1.444697183599490	0.2431007067928571	-0.008884831875923000	-0.008749612176189072	5.498132577673457	-0.002286476005323159	-1.262876764865358	-1.065977384305792	-6.374655167801344	-1.123969000000000	229.0100000000000	3806588445.544667
4.468726252799226	-0.2794805007163755	0.9926524547233100	-1.071141325848993	1.446753801240603	0.2426338334685738	-0.008930514207072525	-0.008834581311933647	5.504053962046617	-0.002306576230862358	-1.221848478475565	-1.066538365332772	-6.382513660785539	-1.124059000000000	228.7500000000000	3806588448.545013
4.468555400135709	-0.3044705702729864	0.9932463247406027	-1.069971856708295	1.444373752837759	0.2435968167888597	-0.008869299883397234	-0.008776107928277516	5.479375264029801	-0.002270944012880042	-1.186645615109743	-1.066018500263295	-6.362225680164761	-1.249565000000000	229.8900000000000	3806588451.540352
4.470982969804259	-0.3303194686528556	0.9944605605143514	-1.071516835236862	1.445399777582178	0.2418882979578524	-0.008884831875883285	-0.008753266762686285	5.478809715467914	-0.002325762809768974	-1.184055422244130	-1.062721141401359	-6.372620476729115	-1.249651000000000	229.9500000000000	3806588454.543795
4.472691496453336	-0.3556795666926286	0.9955112536217372	-1.070812413289072	1.442296121392328	0.2437713232391807	-0.008929600560340622	-0.008788898980858405	5.469565365740233	-0.002358654087914483	-1.173401371626514	-1.061561721581483	-6.381688605289782	-1.249735000000000	229.7700000000000	3806588457.544191
4.473998016837801	-0.3809409916261877	0.9963481535228741	-1.072905580170910	1.444053976720187	0.2439257295157497	-0.008888486462403263	-0.008798949093758147	5.462670023041228	-0.002307489877483131	-1.150715489925096	-1.065030842478266	-6.387184301115310	-1.249821000000000	229.7800000000000	3806588460.545437
4.475872827915637	-0.4060178606353977	0.9973531643211323	-1.070475276299293	1.444618609934386	0.2422153834258577	-0.009052942854071070	-0.008963405485268926	5.470944979927220	-0.002292871531625095	-1.140001139222375	-1.072547425248427	-6.395115871593512	-1.249891000000000	229.8600000000000	3806588463.543812
4.477983360865667	-0.4306488706665564	0.9984285258752078	-1.069332303313912	1.445617225320167	0.2428403175416168	-0.008903104808304163	-0.008777935221447701	5.486098841449958	-0.002311144463920059	-1.154341759081047	-1.069418180855994	-6.387365224571403	-1.374511000000000	230.9900000000000	3806588466.540476
4.478261110657251	-0.4546768743948610	0.9990881784172703	-1.070019366196516	1.445052591935412	0.2428695542591779	-0.008896709281960164	-0.008727684657370980	5.468692823242379	-0.002339467508977508	-1.209214551519140	-1.074466088171567	-6.379423644875467	-1.374595000000000	231.1600000000000	3806588469.545181
4.478375316986229	-0.4779958887169450	0.9996820484343371	-1.068548392796579	1.446296978101050	0.2435483935300560	-0.008921377740751817	-0.008718548191164494	5.487943506008275	-0.002310230817315928	-1.220001995163496	-1.068660769792260	-6.379863096575951	-1.374671000000000	231.0100000000000	3806588472.540756
4.479811575782798	-0.5010371550195034	1.000515293750554	-1.071094729226663	1.446803138026610	0.2431619211294543	-0.008916809507580758	-0.008803517326769789	5.471666770469807	-0.002330331042826138	-1.215266556880935	-1.072691785113545	-6.388071494975565	-1.374753000000000	231.1700000000000	3806588475.544261
4.481166519677088	-0.5233639499476184	1.001526700071844	-1.068997908279222	1.443284686558422	0.2435328615301781	-0.008870213529947740	-0.008777021574851813	5.498485251165514	-0.002326676456369870	-1.239508384622547	-1.067466633171163	-6.389834861459773	-1.374844000000000	231.0800000000000	3806588478.544791
4.478097567197491	-0.5446720289444336	1.001403357837542	-1.071481203635428	1.443912361549909	0.2427379891674700	-0.008884831875913872	-0.008751439469405528	5.467818461140978	-0.002306576230861292	-1.234348099570422	-1.069053638979480	-6.385185233595094	-1.500192000000000	232.2800000000000	3806588481.544000
4.473077970667289	-0.5647412029551911	1.000926434531571	-1.071293905616850	1.444071335995033	0.2421888876469812	-0.008930514206966876	-0.008805344620193063	5.484482589176856	-0.002344949388677478	-1.273204645192975	-1.072505401019852	-6.381134029484731	-1.500287000000000	232.5100000000000	3806588484.545023
4.468575500450154	-0.5837487194487588	1.000416619963114	-1.070819722464525	1.443216163034679	0.2433409957897240	-0.008942391613003205	-0.008824531199104244	5.514867072997412	-0.002279166832400432	-1.306380128447042	-1.069327733050583	-6.384195717306497	-1.500369000000000	232.4700000000000	3806588487.539163
4.465471829354377	-0.6023222539996204	1.000068520768513	-1.071200713492769	1.444719111105227	0.2422903024080814	-0.008919550447473470	-0.008764230522222300	5.467044599810578	-0.002289216945190590	-1.281297741514803	-1.068925727836224	-6.391729805056428	-1.500440000000000	232.3900000000000	3806588490.543584
4.462440336683323	-0.6196788108732800	0.9997962542068500	-1.071390752352040	1.443503048112306	0.2433300320232676	-0.008840976838169985	-0.008712152664808358	5.468327363199228	-0.002323021869915236	-1.245126407078281	-1.067737071739778	-6.389053676036673	-1.500528000000000	232.3500000000000	3806588493.544898
4.458603917877229	-0.6354757722552884	0.9992937488077972	-1.070031243751277	1.445733258454110	0.2429079273757820	-0.008887572815734044	-0.008795294507251618	5.481495851856683	-0.002320280930079216	-1.264967192400380	-1.072707316117165	-6.385526944879308	-1.625227000000000	233.9400000000000	3806588496.544866
4.456148025124259	-0.6506359218210512	0.9992562893144109	-1.073286571594980	1.444594855165960	0.2441916006407978	-0.008887572815768142	-0.008780676161337915	5.471422827705358	-0.002302007997742350	-1.254136805876084	-1.074943012184508	-6.379763532575270	-1.625306000000000	233.7700000000000	3806588499.545082
4.459163985683575	-0.6651044406933241	1.000560062413375	-1.071428212155869	1.442628688567773	0.2429335094905458	-0.008923205033971496	-0.008756007702564374	5.467521521619233	-0.002255412020416248	-1.239515693169323	-1.073114800980657	-6.392427833145554	-1.625387000000000	233.8900000000000	3806588502.541828
4.462573729669101	-0.6784062322100343	1.001825462372702	-1.071504958102134	1.443921497942858	0.2439787209961601	-0.008904932101554961	-0.008742303003255618	5.450172154618353	-0.002320280930078693	-1.263544641464448	-1.072930243429844	-6.397407341916407	-1.625463000000000	233.8100000000000	3806588505.540327
4.463682901486972	-0.6897601278185191	1.002559120255213	-1.070704603043006	1.442104255713857	0.2429664007391981	-0.008920464094114880	-0.008751439469437947	5.453528001228907	-0.002304748937617309	-1.285375353288689	-1.076234907575602	-6.393587302278481	-1.625552000000000	233.7400000000000	3806588508.545345
4.462972081326067	-0.6996631515906443	1.002634039241971	-1.072295263708706	1.445126597402172	0.2429179775101665	-0.008972541951485424	-0.008726771010786682	5.418186058357868	-0.002319367283473762	-1.233761536782952	-1.080047561235757	-6.394712931563424	-1.750825000000000	235.5100000000000	3806588511.544631
4.462581952523673	-0.7081299218227453	1.002602975271854	-1.070506340397734	1.445297449083129	0.2422391381946968	-0.008869299883451379	-0.008724943717477923	5.487792758597580	-0.002308403524054482	-1.171015836644827	-1.076189225890121	-6.386396738320197	-1.750910000000000	235.6200000000000	3806588514.544189
4.460874339575349	-0.7147237150076152	1.002178129798171	-1.071435520571394	1.443997330549035	0.2425068366448180	-0.008952441725824767	-0.008786158041068947	5.395929462207631	-0.002302007997802526	-1.118540460884338	-1.073379758083948	-6.393953659884576	-1.750996000000000	235.5000000000000	3806588517.540786
4.456693474519453	-0.7197908034547689	1.001199614739396	-1.072312622482514	1.445199689077213	0.2432679040726625	-0.009151616689027213	-0.009033756275071509	5.492944850139349	-0.002283735065502192	-1.089317430284338	-1.071637430740630	-6.397333346864113	-1.751071000000000	235.3900000000000	3806588520.540813
4.453535898143897	-0.7234536158813076	1.000212876864963	-1.071133103274827	1.444241274119545	0.2423049207404477	-0.008996296763538827	-0.008855595184087375	5.441174493094898	-0.002270944012845925	-1.093969726189804	-1.069542435877441	-6.393673206641563	-1.751154000000000	235.2900000000000	3806588523.540357
4.452025633759368	-0.7260026921391282	0.9996966667732203	-1.069738876718099	1.443609031049861	0.2433638369622369	-0.008940564319735941	-0.008819049319360837	5.434287378545207	-0.002316626343588042	-1.166089445860497	-1.070968640533046	-6.391477661312027	-1.876068000000000	237.2700000000000	3806588526.539530
4.451440897399404	-0.7272653528554042	0.9995111965986603	-1.072865379836396	1.446041157230744	0.2420180357756908	-0.008957009958952029	-0.008823617552462288	5.453172589925795	-0.002288303298581348	-1.147763493081076	-1.074582118291411	-6.396148307712467	-1.876154000000000	237.3600000000000	3806588529.544877
4.450761141382179	-0.7269885176909469	0.9991895931432617	-1.072242272178063	1.445411654957618	0.2412542273423350	-0.008963405485220816	-0.008861990710561016	5.454854627170373	-0.002327590102974540	-1.121090452423535	-1.072249574961071	-6.398924037253410	-1.876224000000000	237.3200000000000	3806588532.541179
4.449927892072927	-0.7251411226359589	0.9991375153109989	-1.070082407979565	1.443738768708540	0.2436077805500077	-0.008893968342197375	-0.008812653792951859	5.472970553922930	-0.002346776681893774	-1.145095641874198	-1.071431860257715	-6.397604705123922	-1.876316000000000	237.3400000000000	3806588535.545083
4.449328537307309	-0.7218812287036847	0.9991740611582013	-1.071455621171633	1.444082299758248	0.2431536982718787	-0.008875695409771298	-0.008776107928228851	5.451313310272677	-0.002283735065474771	-1.259827920662169	-1.072917453725527	-6.397400043133010	-1.876386000000000	237.2200000000000	3806588538.540230
4.451191470797237	-0.7174125792834581	0.9998328000540534	-1.072814215379595	1.443504875328540	0.2436543765255981	-0.009025533455415012	-0.008913154921261164	5.426859371610547	-0.002325762809778117	-1.308729119711157	-1.075857574464909	-6.387060062008784	-2.001679000000000	239.3300000000000	3806588541.540257
4.454395643329232	-0.7117561882895133	1.000696195694204	-1.069348748632102	1.444129809348637	0.2423231936775246	-0.008883004582695973	-0.008740475710008326	5.496022958857071	-0.002256325667048591	-1.420323966842890	-1.076015635456876	-6.390152817378123	-2.001774000000000	239.4000000000000	3806588544.544691
4.457933298351504	-0.7046443570706707	1.001516649963862	-1.071480289880652	1.443034347504022	0.2425442961056817	-0.008956096312288483	-0.008810826499746500	5.477192563162754	-0.002299267057922708	-1.433371780598635	-1.077742427889275	-6.400042377261314	-2.001857000000000	239.2400000000000	3806588547.545032
4.460642272325604	-0.6958450192418126	1.001760593493925	-1.072165525857445	1.444771188979814	0.2433738870777302	-0.008884831875930598	-0.008741389356637286	5.453872462227938	-0.002317539990228975	-1.452074167735604	-1.078059462835136	-6.397262065327111	-2.001931000000000	239.4600000000000	3806588550.545598
4.461512981334449	-0.6854970492642947	1.001764248078645	-1.073052678188925	1.446217490934657	0.2429453868923745	-0.008897622928606384	-0.008747784883025094	5.470327367724439	-0.002329417396212599	-1.511380928553795	-1.088553623032299	-6.396275302039843	-2.002010000000000	239.4700000000000	3806588553.542710
4.461771544450813	-0.6739860063854803	1.001476449531937	-1.071558863198660	1.444485217679083	0.2432012078736669	-0.008872040823285148	-0.008767885108595098	5.434431746312232	-0.002290130591805470	-1.479215926942677	-1.086274985277190	-6.395533412925089	-2.126921000000000	241.9000000000000	3806588556.541563
4.463279981576685	-0.6606951787205999	1.001306511342463	-1.072051319566419	1.442963083111659	0.2432889179715212	-0.008918636800895732	-0.008749612176201240	5.443993118587211	-0.002305662584217137	-1.427319772277927	-1.088501545267540	-6.392526515711277	-2.126991000000000	241.7000000000000	3806588559.545149
4.466888901435332	-0.6466971883002788	1.001699379199867	-1.071508613239843	1.444451412787965	0.2424355721922433	-0.008820876612488003	-0.008729511950536555	5.419541925672455	-0.002263634839962709	-1.433584660485778	-1.089209622304676	-6.408204201420038	-2.127068000000000	241.8400000000000	3806588562.545260
4.469783346552264	-0.6313771505464213	1.001746888801224	-1.073463820469083	1.443898656916032	0.2427480392332821	-0.008879349996195284	-0.008770626048458307	5.446205982998414	-0.002280080479021218	-1.400905279471701	-1.083407043692294	-6.401850511542373	-2.127157000000000	241.9100000000000	3806588565.546285
4.470993933611331	-0.6148291712095916	1.001743234216505	-1.074287930355860	1.441708646933379	0.2438480695646614	-0.008933255146797629	-0.008757834995806003	5.459916269124135	-0.002301094351180404	-1.380145358559620	-1.082468727308956	-6.405265781165403	-2.127234000000000	241.7300000000000	3806588568.546692
4.473460790274590	-0.5970751779050557	1.001804448510564	-1.071226295668720	1.442622293114716	0.2429499551140894	-0.008924118680575556	-0.008834581311915848	5.453638555554686	-0.002323935516527957	-1.356168482778998	-1.078318938205712	-6.392261558754730	-2.252125000000000	244.4700000000000	3806588571.546505
4.476551670331070	-0.5783042956921485	1.001844648942479	-1.071762606622213	1.444756570606204	0.2422035060095243	-0.008829099432122027	-0.008689311499318635	5.443297823107587	-0.002353172208165899	-1.295426398277258	-1.076883597265897	-6.398681923574498	-2.252209000000000	244.7400000000000	3806588574.545254
4.476823024566819	-0.5584827196989043	1.001383257621578	-1.072254149636410	1.444664292277054	0.2416461816308714	-0.008908586688031135	-0.008771539695106684	5.454343894677504	-0.002315712697007823	-1.264556963819412	-1.078065857673690	-6.396223239428192	-2.252290000000000	244.6500000000000	3806588577.544969
4.474869639530891	-0.5371316988894403	1.000194603941359	-1.071243655086571	1.444441362764266	0.2427562621007232	-0.008903104808395942	-0.008735907476909222	5.450657303086646	-0.002324849163134755	-1.226701777124148	-1.078753834805801	-6.415139817163136	-2.252360000000000	244.7300000000000	3806588580.546772
4.472840421503770	-0.5151941172297291	0.9991932477279761	-1.069352403232037	1.443359605489297	0.2423241073150701	-0.008834581311879044	-0.008732252890441633	5.463359827498781	-0.002352258561584885	-1.228307970754754	-1.082025609144980	-6.395561755702148	-2.252449000000000	244.5300000000000	3806588583.545209
4.472373546038473	-0.4924397356953747	0.9985719683254957	-1.072154562027467	1.443314836942274	0.2422802523128030	-0.008858336123962508	-0.008772453341769071	5.469232793175502	-0.002332158336052911	-1.239809888160698	-1.084455915425675	-6.381119372795670	-2.377515000000000	247.9500000000000	3806588586.546702
4.471187627541979	-0.4693473054146128	0.9977551686404206	-1.069652079852873	1.443551471275353	0.2428467130761149	-0.008850113304347141	-0.008756007702559510	5.471889697055665	-0.002312058110534125	-1.261827897504450	-1.084313385961452	-6.412299218982695	-2.377600000000000	247.9800000000000	3806588589.545384
4.468219176713052	-0.4457057739417247	0.9964513955412458	-1.071724234122071	1.442979528719512	0.2430906566793401	-0.008869299883374553	-0.008744130296563310	5.469292180223355	-0.002309317170694064	-1.284819855478790	-1.086951087324254	-6.406544967521318	-2.377678000000000	248.0100000000000	3806588592.545712
4.466570037373937	-0.4214676316669724	0.9956793645189141	-1.069876837060825	1.443719582164636	0.2427032706192591	-0.008847372364562409	-0.008711239018206481	5.461816671684739	-0.002282821418852402	-1.299084646308690	-1.088644075585578	-6.388438767367895	-2.377749000000000	248.0300000000000	3806588595.545917
4.465777902303945	-0.3970522426064517	0.9948936288038369	-1.072431397091791	1.443338591708347	0.2426968750209416	-0.008912241274543561	-0.008774280634911504	5.500274180599609	-0.002294698824878199	-1.262067272192523	-1.092117763875649	-6.417885379442716	-2.377831000000000	248.0200000000000	3806588598.545999
4.462968426726325	-0.3717350847198650	0.9936656883374073	-1.070310820652361	1.444256806131602	0.2435155022624489	-0.008884831875950626	-0.008733166537097881	5.489514079297133	-0.002285562358707204	-1.296326342480330	-1.089239773290850	-6.413094122468943	-2.503109000000000	251.8900000000000	3806588601.545364
4.459376866267378	-0.3462799669116249	0.9921143171230038	-1.068838018820427	1.441787220485130	0.2425077502649357	-0.008875695409749924	-0.008765144168814624	5.469945443045424	-0.002293785178261172	-1.340571590504079	-1.086826827928854	-6.388002948643938	-2.503192000000000	251.9500000000000	3806588604.545537
4.459510259251965	-0.3210148884299299	0.9914683692733872	-1.071623732533313	1.441737883602466	0.2430230468522382	-0.008862904357041654	-0.008725857364139880	5.494406697822100	-0.002278253185818624	-1.331984209336104	-1.084391042581902	-6.404407862533114	-2.503279000000000	251.9300000000000	3806588607.545425
4.459978048350526	-0.2958996487771761	0.9909402817810331	-1.072164611951613	1.442463318575890	0.2432505448020073	-0.008840063191563292	-0.008690225145911522	5.446528503625119	-0.002318453636827450	-1.327801527338601	-1.077896832942540	-6.412819107427229	-2.503358000000000	252.0300000000000	3806588610.546481
4.458743706413921	-0.2710438855537094	0.9897580236233344	-1.069070999597185	1.441757070119098	0.2424328312465997	-0.008843717778013975	-0.008673779506779266	5.468184831646142	-0.002315712697021801	-1.371488540176376	-1.082415737364955	-6.398666398042277	-2.503434000000000	252.0100000000000	3806588613.546232
4.460594762496067	-0.2459807251878509	0.9895981355417264	-1.070136313075399	1.442124355851599	0.2433282047413372	-0.008846458717845821	-0.008733166537082783	5.466421480279736	-0.002291957885026068	-1.440413271181165	-1.088370896852938	-6.397898881906404	-2.628516000000000	256.7600000000000	3806588616.545475
4.463867458908221	-0.2214529625456999	0.9900348584160680	-1.072286127239545	1.445905023929873	0.2422144697354311	-0.008869299883370450	-0.008704843491877664	5.461717995075990	-0.002318453636833644	-1.560021763068151	-1.089909479536704	-6.408142023283156	-2.628601000000000	256.9500000000000	3806588619.545863
4.464555437805344	-0.1968786045640644	0.9897406643459036	-1.073174193980116	1.443025211119667	0.2425890647601991	-0.008827272138863876	-0.008682915972944875	5.443943775935711	-0.002296526118074357	-1.590818123556155	-1.092605652952879	-6.400707539576385	-2.628677000000000	256.7900000000000	3806588622.542837
4.461572368623438	-0.1727345748461676	0.9883601449669097	-1.070703688732165	1.442783095013427	0.2427416437544865	-0.008881177289453632	-0.008753266762672244	5.433960284847563	-0.002265462133165847	-1.551545841934999	-1.097480877442774	-6.404247043487024	-2.628764000000000	256.7500000000000	3806588625.541055
4.460598417097436	-0.1485320723422723	0.9875369497580719	-1.072587631104490	1.443763437154201	0.2437530503662509	-0.008817222026044806	-0.008790726274178401	5.470895643982452	-0.002318453636866686	-1.536105177524248	-1.094183521581527	-6.411306957020109	-2.628832000000000	256.7800000000000	3806588628.543471
4.462513428729703	-0.1250467831074946	0.9874172621083959	-1.072740210368271	1.446933789362127	0.2422546702051848	-0.008840063191576967	-0.008788898981030946	5.424226220361009	-0.002314799050398594	-1.564222718950521	-1.088852385435794	-6.402814456958981	-2.754117000000000	262.8700000000000	3806588631.542573
4.462437595730754	-0.1021882560600671	0.9868215647985166	-1.071465671350378	1.444628660105242	0.2426374880279558	-0.008903104808334754	-0.008763316875599022	5.408792787072410	-0.002342208448810020	-1.542495236940510	-1.086348076981210	-6.404608869471132	-2.754200000000000	262.7000000000000	3806588634.546955
4.460324321922240	-0.07966595150147529	0.9857571669978450	-1.073199775185923	1.444489785930689	0.2429335094829728	-0.008872954469879669	-0.008750525822888829	5.478071479705400	-0.002295612471483931	-1.512031447158513	-1.091871082418019	-6.412562345562735	-2.754286000000000	262.8300000000000	3806588637.545713
4.459938761375282	-0.05819342744225409	0.9849915314982570	-1.069409049753473	1.443987280499577	0.2426950478039982	-0.008851940597603676	-0.008764230522194133	5.456531181257362	-0.002287389651925663	-1.498658370970272	-1.092056552381870	-6.396725752970675	-2.754360000000000	262.7400000000000	3806588640.542219
4.458749188318049	-0.03820923419810181	0.9839353565130775	-1.071960868363284	1.444738297688970	0.2426987023453770	-0.008864731650357080	-0.008713979958056416	5.443409288631097	-0.002287389651935868	-1.461090051678373	-1.092561798446388	-6.398844537887767	-2.754445000000000	262.7800000000000	3806588643.546118
4.456082242283599	-0.01857496798453170	0.9826005194426090	-1.071632868445578	1.444600337144237	0.2424081627940530	-0.008893054695526748	-0.008741389356659409	5.492248643287115	-0.002284648712110351	-1.443119496983193	-1.095539376106727	-6.425071373502320	-2.879338000000000	270.6100000000000	3806588646.545743
4.454027442149132	0.0004864414534325754	0.9817672741254519	-1.070766730681107	1.442180088263214	0.2426082513742666	-0.008896709281985042	-0.008772453341743760	5.436964379385594	-0.002317539990226014	-1.482330554946150	-1.093760502713175	-6.410132918514122	-2.879416000000000	270.6600000000000	3806588649.542005
4.452766604366977	0.01863603126468001	0.9810911759514130	-1.073214394119395	1.443499393520075	0.2428156491075583	-0.008883918229305730	-0.008829099432141194	5.441821362772631	-0.002311144463916022	-1.483422365088779	-1.098725266163836	-6.396374883955317	-2.879497000000000	270.5900000000000	3806588652.546150
4.450921030230542	0.03522237148237670	0.9802762035577902	-1.073596298761759	1.444613128223822	0.2426411426256125	-0.008859249770584702	-0.008779762514702260	5.441444032634129	-0.002277339539201338	-1.438227822677439	-1.100010768926708	-6.428092888000704	-2.879569000000000	270.6600000000000	3806588655.546580
4.450522678586262	0.05025277134917481	0.9797298431414093	-1.070137227030941	1.443493911648842	0.2425918057503046	-0.008883918229267611	-0.008765144168747270	5.479444702197975	-0.002279166832397748	-1.389065308867635	-1.097227797507044	-6.415513529630902	-2.879653000000000	270.6200000000000	3806588658.540861
4.452332620349166	0.06434485600534867	0.9796092418454883	-1.071602719013176	1.443746991632989	0.2432715586558579	-0.008904018454928228	-0.008705757138423562	5.456643561626754	-0.002264548486579727	-1.370891927147524	-1.097520164138371	-6.401287675957357	-2.942468000000000	275.4800000000000	3806588661.545433
4.454128857362119	0.07713682145165672	0.9796421331080116	-1.071805548231973	1.444025653635414	0.2433135864119212	-0.008853767890873923	-0.008699361612135349	5.480467077134556	-0.002253584727180350	-1.410022579423682	-1.109025734121647	-6.426927943175025	-2.942555000000000	275.5700000000000	3806588664.545549
4.454312501126376	0.08881139704054866	0.9792912929744013	-1.071086507370871	1.445883096414258	0.2425936330506914	-0.008826358492220914	-0.008687484206053702	5.465007148285380	-0.002286476005327181	-1.455664806461144	-1.107257824458918	-6.428172388033530	-2.942636000000000	275.4200000000000	3806588667.546030
4.451804530324415	0.09865411121456784	0.9783191734374846	-1.071306697215274	1.443397065028420	0.2426091649958540	-0.008910413981396638	-0.008737734770102125	5.510361828235005	-0.002272771306107634	-1.463386050901582	-1.103487199310354	-6.410216933667612	-2.942708000000000	275.3600000000000	3806588670.547088
4.449362342378121	0.1074050177071311	0.9775855155538521	-1.071125793966637	1.445889491937167	0.2427060115329772	-0.008846458717858005	-0.008754180409337951	5.461493233614270	-0.002332158336070124	-1.442171130456009	-1.102876882308946	-6.425901920890933	-2.942789000000000	275.3700000000000	3806588673.543950
4.449405283954110	0.1146822122953690	0.9773817724554009	-1.070382084841748	1.441979999842685	0.2417768331040610	-0.008909500334721470	-0.008766971462030799	5.483769022917229	-0.002328503749577849	-1.421498004356383	-1.104411811293928	-6.422609069723622	-3.005332000000000	281.1100000000000	3806588676.542080
4.449760694020576	0.1206729925417938	0.9774192319488371	-1.072439620023054	1.443980884987222	0.2430614200090496	-0.008802603680083312	-0.008720375484356337	5.478178375422149	-0.002338553862367734	-1.417731945420807	-1.104428258290542	-6.410667422535504	-3.005415000000000	281.1200000000000	3806588679.545744
4.449220726541917	0.1248565799504366	0.9772812713754474	-1.069111200569151	1.441454653178638	0.2429837600443387	-0.008835494958438651	-0.008759662289143672	5.472100752388911	-0.002259066606911456	-1.394031903266704	-1.110179674844775	-6.432333200635334	-3.005492000000000	281.2300000000000	3806588682.546205
4.447391598134208	0.1276605611082348	0.9767093288658667	-1.072059542564946	1.444530900072841	0.2448932810770305	-0.008876609056376310	-0.008809912853221514	5.481319517382018	-0.002321194576681737	-1.371745275878998	-1.109783151444214	-6.427381111513299	-3.005567000000000	281.1700000000000	3806588685.543246
4.445145845086438	0.1288948975494610	0.9761721049111595	-1.070962251354476	1.443589844432540	0.2449490135077582	-0.008874781763177582	-0.008736821123584378	5.472950450348913	-0.002264548486552330	-1.360262543161510	-1.109681735269300	-6.407124180662966	-3.005646000000000	281.1800000000000	3806588688.547258
4.443737909598524	0.1285988760788491	0.9760597264308417	-1.069337785228108	1.443478379407309	0.2428348356889334	-0.008848286011139078	-0.008692966085784544	5.462868282261112	-0.002248102847506713	-1.358007657743139	-1.101295358496782	-6.417339925955763	-3.067887000000000	287.7100000000000	3806588691.543273
4.443915157803620	0.1267176779043477	0.9760149577679477	-1.072599508724895	1.443241745249434	0.2427909806628309	-0.008990814883842948	-0.008922291387441425	5.476542022781725	-0.002284648712099068	-1.361908022989762	-1.106536044583725	-6.437644356430178	-3.067964000000000	287.6200000000000	3806588694.543192
4.443595380114023	0.1234769737089710	0.9760734311235606	-1.070953114611329	1.443567916907319	0.2423770987991065	-0.009017310635853209	-0.008811740146330524	5.493214373576523	-0.002291044238404209	-1.341836993741007	-1.096005336316974	-6.416556028017458	-3.068041000000000	287.8300000000000	3806588697.541192
4.444375637677372	0.1187963625882092	0.9761017541551881	-1.072010205609045	1.444530900060835	0.2424602406656492	-0.008834581311831189	-0.008764230522145729	5.462508302301437	-0.002272771306114352	-1.371571681635991	-1.093011310857922	-6.406185845384250	-3.068112000000000	287.7700000000000	3806588700.544055
4.445495773245073	0.1124775832299839	0.9764562488736045	-1.071123967520814	1.441279233079958	0.2423186254290447	-0.008963405485284433	-0.008718548191086428	5.479684990878435	-0.002289216945164528	-1.440854562024514	-1.089717609991671	-6.433359238132560	-3.068187000000000	287.7900000000000	3806588703.545696
4.446603117709326	0.1045681452288527	0.9768107435920064	-1.072390283280228	1.443427215306075	0.2418298245972092	-0.008893968342108351	-0.008850113304419411	5.475720647487156	-0.002283735065475060	-1.433855100412119	-1.096158828849296	-6.421757518955749	-3.130916000000000	295.8500000000000	3806588706.543262
4.447947097669053	0.09553674922941852	0.9775800336767617	-1.072420434351089	1.443034347541903	0.2434058647003863	-0.008899450221875100	-0.008786158041030870	5.479810164197269	-0.002280994125636362	-1.442076110300309	-1.099867325963871	-6.416766122295081	-3.130991000000000	295.7900000000000	3806588709.541501
4.447224400083220	0.08531030348095237	0.9778084452221114	-1.072971364214143	1.443528630034808	0.2425781010376225	-0.008860163417176799	-0.008715807251261280	5.456550370292696	-0.002284648712106834	-1.431514332735469	-1.102148705727526	-6.434784576200618	-3.131071000000000	295.7400000000000	3806588712.545641
4.444666178550671	0.07361836857408909	0.9777983951141145	-1.070949460484871	1.443444574693094	0.2428658996533281	-0.008883004582730118	-0.008759662288980554	5.479382571523005	-0.002330331042836609	-1.423191908122112	-1.099496384814211	-6.418733258389060	-3.131143000000000	295.6900000000000	3806588715.545110
4.443387067790956	0.06080173463276611	0.9778632639929919	-1.071681292096666	1.441691287530892	0.2434890065281750	-0.008832754018546236	-0.008808999206567776	5.459994843745200	-0.002261807546750697	-1.434054275629798	-1.097265255987327	-6.413169011708385	-3.131220000000000	295.7000000000000	3806588718.545974
4.440733826630832	0.04659635775908674	0.9778449910693682	-1.069258297806681	1.443208853998898	0.2430349242592517	-0.008868386236743483	-0.008737734770215373	5.460046919919606	-0.002314799050376305	-1.456054020299249	-1.095759564488050	-6.446003503907392	-3.162844000000000	300.7200000000000	3806588721.546295
4.441204356656968	0.03135307818969323	0.9781528898324731	-1.072645191061398	1.443184185591442	0.2424282630042291	-0.008852854244210650	-0.008711239018245770	5.452881134777884	-0.002290130591790422	-1.466203742618808	-1.095567698560015	-6.433535617293503	-3.162926000000000	301.0600000000000	3806588724.542407
4.446011985806718	0.01475029227826256	0.9796640606163515	-1.072627831530987	1.445397950271902	0.2442546422132472	-0.008925945973827469	-0.008758748642451956	5.441747354208312	-0.002268203073035173	-1.457842030453604	-1.099740328758958	-6.415702598672074	-3.163011000000000	301.1100000000000	3806588727.542387
4.449312091598054	-0.002831009399698670	0.9809660064245860	-1.071324056105588	1.445340390578556	0.2420216903706613	-0.008799862740234943	-0.008734080183723611	5.463908934027392	-0.002312971757148458	-1.453755280288358	-1.098766379734833	-6.434901518517853	-3.163091000000000	301.1200000000000	3806588730.541562
4.448918308208690	-0.02082984786365131	0.9815699265503269	-1.071871330937639	1.447195092520384	0.2442400238884090	-0.008853767890838202	-0.008699361612106918	5.491195198986592	-0.002319367283424872	-1.471499250163684	-1.100955480197017	-6.430183355985863	-3.163166000000000	301.2500000000000	3806588733.546261
4.447404389241322	-0.03965462318934401	0.9818942709446280	-1.071176045083794	1.444396594086806	0.2430522835614884	-0.008876609056293632	-0.008703929845245716	5.468657192520514	-0.002297439764712320	-1.517055600758120	-1.101396772396170	-6.420624537105805	-3.194420000000000	306.2100000000000	3806588736.548287
4.448468792135636	-0.05910981504260087	0.9826672156138225	-1.071898740856399	1.447890377266168	0.2429234593829414	-0.008955182665694757	-0.008869299883550147	5.471735294232653	-0.002304748937622681	-1.522280758011447	-1.099390401663642	-6.444294953117351	-3.194506000000000	306.3900000000000	3806588739.547039
4.451560585623850	-0.07928221989300141	0.9838915014963886	-1.072511797873414	1.447532227836772	0.2424675498196787	-0.008863818003646736	-0.008738648416774018	5.455695189398519	-0.002290130591786656	-1.555057908128975	-1.100778233581419	-6.429311694068196	-3.194592000000000	306.4000000000000	3806588742.546634
4.452983139550691	-0.1003061438569097	0.9846589642883994	-1.070474362822102	1.447061700025692	0.2431134978559534	-0.008858336123964191	-0.008705757138553332	5.494480703647737	-0.002301094351167245	-1.580650125386957	-1.104274766129998	-6.421272339759615	-3.194669000000000	306.3600000000000	3806588745.543296
4.455417104668723	-0.1218526741742522	0.9858101584763261	-1.070500859258939	1.445500278720236	0.2433830235302297	-0.008893054695508624	-0.008699361612102796	5.498437731858496	-0.002292871531640659	-1.551196828345538	-1.100214515666494	-6.410244371923254	-3.194747000000000	306.4900000000000	3806588748.544150
4.461281827740556	-0.1437619227090509	0.9878475894595163	-1.068441496339765	1.446705378149902	0.2437832006410559	-0.008879349996260713	-0.008735907476959801	5.513733208422265	-0.002301094351161320	-1.564157851100566	-1.101510981954351	-6.439313617264720	-3.226001000000000	312.5800000000000	3806588751.546511
4.467481860677661	-0.1660083073828007	0.9899425801518146	-1.071925236145642	1.446512598632686	0.2429965511074618	-0.008856508830737147	-0.008716720897997573	5.506035679739578	-0.002281907772281565	-1.623019679799617	-1.102516908266161	-6.415707208092612	-3.226076000000000	312.6000000000000	3806588754.546949
4.469291802524717	-0.1882620017401001	0.9909567274122839	-1.068717418543524	1.446450470832468	0.2413492465582766	-0.008891227402281392	-0.008779762514687411	5.485619170276785	-0.002280080479017994	-1.591651372010350	-1.101629755976839	-6.435800563392526	-3.226162000000000	312.6200000000000	3806588757.546840
4.466274014580800	-0.2109615562571426	0.9904003168883089	-1.068911112137395	1.446075875813199	0.2424593270100796	-0.008892141048914021	-0.008710325371576223	5.536104935213308	-0.002344949388661626	-1.573798672395264	-1.097411439936070	-6.421095097472389	-3.226231000000000	312.7700000000000	3806588760.546825
4.464671471430490	-0.2334372678509078	0.9905848734167874	-1.068989685221914	1.446004611475389	0.2443012381975435	-0.008824531198976615	-0.008685656912900757	5.513208771486022	-0.002304748937607088	-1.558533427793422	-1.098266614265024	-6.427337262074035	-3.226306000000000	312.5500000000000	3806588763.546949
4.466618460856103	-0.2559312529342911	0.9915387200292762	-1.072772188958283	1.448737327302252	0.2431052750254417	-0.008881177289423847	-0.008714893604639897	5.507682081859565	-0.002325762809759574	-1.547814500412636	-1.103721092828759	-6.431171947463393	-3.257588000000000	319.2300000000000	3806588766.546380
4.466279496483717	-0.2787477559199178	0.9919425516410734	-1.071462930342406	1.446619495295235	0.2422025923609022	-0.008846458717825294	-0.008696620672283682	5.493587146875962	-0.002288303298552876	-1.564200791528126	-1.101041363297633	-6.418896791072138	-3.257659000000000	319.2200000000000	3806588769.546344
4.464540819395178	-0.3008717151475836	0.9923125783441720	-1.070060480561699	1.446436766112833	0.2440390216661876	-0.008939650673150374	-0.008718548191221295	5.503104683408073	-0.002287389651944741	-1.569080590091876	-1.100175224628276	-6.439010316774453	-3.257730000000000	319.1900000000000	3806588772.542610
4.466491463424379	-0.3235822362570452	0.9934555497159158	-1.070899209583789	1.445440891710429	0.2439723255001665	-0.008790726274009114	-0.008710325371596002	5.479059138555888	-0.002296526118057690	-1.588379594781990	-1.101044103844491	-6.428974555473243	-3.257810000000000	319.2200000000000	3806588775.546750
4.470891604743699	-0.3463302174875001	0.9950178846843626	-1.070213973420086	1.446095976065187	0.2424574996879773	-0.008826358492220920	-0.008783417101251441	5.465262967828360	-0.002267289426387792	-1.567056858220967	-1.102669484316764	-6.445642621784492	-3.257878000000000	319.3000000000000	3806588778.548617
4.472275785422668	-0.3684834151560472	0.9957880884143686	-1.071625559959847	1.444936559003545	0.2428110808699973	-0.008797121800375278	-0.008771539695190914	5.510065804821220	-0.002277339539175531	-1.551661876464363	-1.111665264123598	-6.419907327139536	-3.288940000000000	327.1500000000000	3806588781.542591
4.471977021671550	-0.3902400906197309	0.9959351854493943	-1.070972300582595	1.448153507165579	0.2431354253652775	-0.008808999206418398	-0.008706670785087627	5.457243838194271	-0.002237139088153241	-1.533844811823271	-1.122872070995846	-6.447813451608407	-3.289022000000000	327.2200000000000	3806588784.547354
4.471448017965773	-0.4110794650601800	0.9964102814631373	-1.071387098322824	1.444987723185536	0.2439933393549281	-0.008990814883946359	-0.008819049319426319	5.436839207272565	-0.002261807546736188	-1.525899722248581	-1.128757791636246	-6.442631165961856	-3.289090000000000	327.1700000000000	3806588787.546542
4.469740404974221	-0.4314656711051192	0.9963883539548087	-1.070905604909570	1.445983597590929	0.2427708804333333	-0.008869299883457500	-0.008757834995811682	5.464307289149677	-0.002229829915223021	-1.513418366927859	-1.128530293212108	-6.440929902367677	-3.289169000000000	327.1000000000000	3806588790.547999
4.466739062735955	-0.4509930494388741	0.9964239861558364	-1.071517749632233	1.444613128202265	0.2430047739122671	-0.008919550447422347	-0.008753266762711129	5.426612683054612	-0.002290130591757109	-1.484748071064424	-1.128376800389086	-6.452537144692746	-3.289245000000000	327.2900000000000	3806588793.547861
4.463973442376872	-0.4695556169372268	0.9959635084809828	-1.072943039880805	1.447147582900153	0.2435529617613228	-0.008923205033996472	-0.008742303003336170	5.450305549118601	-0.002275512245945531	-1.434772405035319	-1.126884812475928	-6.439161049964432	-3.320619000000000	336.2700000000000	3806588796.545447
4.460738205638269	-0.4874165039050212	0.9957871747681912	-1.070938496663666	1.446102371572016	0.2435474799064934	-0.008941477966401377	-0.008792553567377003	5.424567926965848	-0.002319367283474302	-1.408930768878071	-1.122993584663883	-6.463116525954715	-3.320691000000000	336.1400000000000	3806588799.546122
4.457667426032676	-0.5043198891049488	0.9958164114459600	-1.071890517163047	1.445260903367835	0.2437119362766902	-0.008864731650229395	-0.008700275258846892	5.447059342074906	-0.002267289426409570	-1.395286341896954	-1.122272715823094	-6.433508154484111	-3.320764000000000	336.3600000000000	3806588802.546732
4.455379644992756	-0.5204119560182239	0.9957332696435527	-1.072618695130245	1.445122029178652	0.2439741527719038	-0.008839149544913751	-0.008714893604686740	5.425179168161820	-0.002304748937633159	-1.384018315158123	-1.114526807810762	-6.459169467257741	-3.320830000000000	336.2900000000000	3806588805.547965
4.454608523910725	-0.5357950330810540	0.9958867622018399	-1.070428680965629	1.446698068953066	0.2421167096045517	-0.008915895861022245	-0.008822703905837049	5.449528942651148	-0.002347690328515353	-1.364708354736535	-1.109763046898463	-6.436544304893469	-3.320903000000000	336.2700000000000	3806588808.544194
4.453964400259669	-0.5502397948074534	0.9959790404660492	-1.072132634605517	1.446724564614600	0.2430056875731130	-0.008788898980781277	-0.008570537438743798	5.439899951222599	-0.002279166832452017	-1.335202993115849	-1.110157743195603	-6.448804790767824	-3.352099000000000	347.1300000000000	3806588811.547419
4.453095518570331	-0.5637060406723216	0.9961864381489666	-1.071434607258174	1.446074962271795	0.2443725026327985	-0.008831840371979285	-0.008761489582334216	5.447459515729098	-0.002293785178234052	-1.335037622783071	-1.117580220046527	-6.448132375974637	-3.352173000000000	347.3000000000000	3806588814.544877
4.452961211937146	-0.5754482344986105	0.9965116961891379	-1.073309413387595	1.442651529774247	0.2426786021498966	-0.008828185785534551	-0.008717634544536399	5.453725353844971	-0.002313885403760897	-1.352767883946294	-1.118598936927797	-6.450027287896795	-3.352251000000000	347.1200000000000	3806588817.546921
4.453702182546634	-0.5863928144905699	0.9969721738639870	-1.073145870536800	1.447363203456026	0.2424803408579046	-0.008904018454968301	-0.008798949093749989	5.449497883851104	-0.002321194576694896	-1.336648385061393	-1.121993139553036	-6.460038375158229	-3.352317000000000	346.4000000000000	3806588820.547433
4.454230272575102	-0.5963771514030016	0.9973650417214822	-1.072513625938818	1.446317078504439	0.2416681091867259	-0.008905845748186115	-0.008653679281159567	5.452545823761862	-0.002287389651963533	-1.337764863290360	-1.122357685205631	-6.440491336662625	-3.352391000000000	346.4000000000000	3806588823.542819
4.454694407064226	-0.6049709173451829	0.9978565833664287	-1.068797819360809	1.446189167929503	0.2428951363662582	-0.008839149544975793	-0.008745043943076160	5.397332835400184	-0.002303835291055906	-1.340826499075980	-1.117415762736399	-6.461882131252549	-3.383878000000000	359.1200000000000	3806588826.547138
4.454339910643389	-0.6123568417175580	0.9977423775939034	-1.072130806756971	1.444551000219366	0.2432149125991730	-0.008879349996178483	-0.008777021574751739	5.432912324205308	-0.002323021869939419	-1.340468349013493	-1.113499867264686	-6.440631137319530	-3.383951000000000	359.1600000000000	3806588829.546090
4.453448187688963	-0.6182233707672864	0.9977167955008587	-1.072509057823928	1.445240803260706	0.2431089296254413	-0.008805344619932471	-0.008624442589265698	5.398821173647530	-0.002322108223308699	-1.342655623068865	-1.120003214082087	-6.463104638541381	-3.384021000000000	359.1600000000000	3806588832.543746
4.453350427078285	-0.6229889549057538	0.9978410513813644	-1.073668475657219	1.445026096247277	0.2425899784533073	-0.008865645296903743	-0.008820876612674224	5.409799633343427	-0.002299267057960862	-1.342297473155422	-1.120572416685544	-6.443446162370025	-3.384101000000000	359.3800000000000	3806588835.547037
4.452020151856357	-0.6261976841210188	0.9974545790471419	-1.072178317759453	1.443551471490395	0.2427526074940303	-0.008925032327187216	-0.008834581311810037	5.398019899976746	-0.002308403524062543	-1.389201443399992	-1.117894514126905	-6.456587435452054	-3.384171000000000	359.3800000000000	3806588838.545127
4.450999604178525	-0.6279354412365495	0.9973230139971908	-1.074003786397600	1.446327128654823	0.2437274682342040	-0.009008174169631143	-0.008872040823318512	5.395975153182838	-0.002349517621732204	-1.427102324884188	-1.120879403956165	-6.461423491878117	-3.396778000000000	365.1500000000000	3806588841.542803
4.452615852024081	-0.6289230939418794	0.9978209511653967	-1.071990105667918	1.445012391749372	0.2420436178870841	-0.008894881988778910	-0.008791639920694561	5.399136387114890	-0.002286476005320481	-1.424471017461887	-1.128342997067577	-6.448116815781789	-3.396850000000000	365.1800000000000	3806588844.543293
4.456032905154646	-0.6289833946621537	0.9985646591560499	-1.072700923654578	1.445100101756300	0.2435566163130590	-0.008903104808305806	-0.008775194281556421	5.418599943051454	-0.002298353411336867	-1.480717053171974	-1.129307809422166	-6.456182665785506	-3.396928000000000	365.3000000000000	3806588847.547763
4.460435787294921	-0.6277289569525279	0.9994600324125742	-1.071910617378019	1.448384659810127	0.2428704679008676	-0.008898536575209854	-0.008666470333795044	5.434540454079402	-0.002273684952735940	-1.492777215152656	-1.129481402459378	-6.440308595058688	-3.396995000000000	365.2900000000000	3806588850.543072
4.464098612508471	-0.6257161920082726	1.000307896067686	-1.071945336225683	1.444924681496082	0.2437950781025709	-0.008917723154224294	-0.008837322251805535	5.448544938574258	-0.002255412020459239	-1.506007761707449	-1.133199034894613	-6.465171343267116	-3.397062000000000	365.3500000000000	3806588853.543677
4.465185856716423	-0.6218578595880307	1.000374592238832	-1.070597705819983	1.447119259815329	0.2417421145459889	-0.009000864996735667	-0.008894881988825456	5.439080400759750	-0.002272771306114098	-1.490353305158623	-1.133509673538244	-6.440996605515876	-3.409639000000000	371.8100000000000	3806588856.548214
4.463320182202139	-0.6158140829401310	0.9997779812832466	-1.070996056351687	1.445640066569570	0.2427982898032230	-0.008904018454940505	-0.008703016198580002	5.472913903591699	-0.002280994125679333	-1.493795019467025	-1.131565431142003	-6.471053529708935	-3.409702000000000	371.9100000000000	3806588859.542781
4.461461816901735	-0.6084235902953884	0.9993924225952463	-1.071095644017376	1.446462348224171	0.2424182129129500	-0.008890313755663747	-0.008777021574763825	5.512522617091522	-0.002301094351136888	-1.486630186157039	-1.124733170182633	-6.460816837605444	-3.409775000000000	371.9800000000000	3806588862.544143
4.460622172012584	-0.6001057457777574	0.9989602679520478	-1.071853058743567	1.449168568315744	0.2426384017029824	-0.008881177289397068	-0.008827272138862800	5.457390929853039	-0.002329417396209922	-1.483542967390497	-1.121629507593308	-6.464680720090032	-3.409851000000000	371.9700000000000	3806588865.547464
4.461182239821867	-0.5908541538900830	0.9986962242059955	-1.071018897456898	1.445513069688145	0.2427471256564393	-0.008814481086137022	-0.008751439469460489	5.481528744821917	-0.002340381155604191	-1.483059647533015	-1.124799869092001	-6.456406523060184	-3.409920000000000	372.1300000000000	3806588868.549719
4.460883476080355	-0.5799991112595638	0.9985674000945947	-1.070558418876383	1.444239446942356	0.2424474495720845	-0.008866558943454811	-0.008840063191605211	5.473039989016160	-0.002275512245938545	-1.485026733813752	-1.132620697818411	-6.465177737267839	-3.422627000000000	378.9700000000000	3806588871.548334
4.458408396651924	-0.5676529965594291	0.9977643051022230	-1.071987364055818	1.446355451674625	0.2424913045870972	-0.008882090936069040	-0.008730425597162264	5.453679670427525	-0.002319367283479128	-1.462759288815195	-1.132000330452970	-6.444389971478047	-3.422696000000000	379.1300000000000	3806588874.542794
4.456343546347308	-0.5543548617039672	0.9968634499685358	-1.072059543101813	1.445375109158407	0.2426000285688501	-0.008908586688041462	-0.008721289130982888	5.459635776849890	-0.002330331042856498	-1.445533357765651	-1.131464019314116	-6.470327146692428	-3.422768000000000	379.1000000000000	3806588877.548830
4.455342185319028	-0.5403203274734151	0.9961060372851100	-1.072482561966578	1.447407971996243	0.2422839068925921	-0.008840063191484547	-0.008622615296090715	5.476975096429499	-0.002272771306124304	-1.442390406431993	-1.133195381300478	-6.467643733129866	-3.422833000000000	379.2000000000000	3806588880.548148
4.454444066808235	-0.5252040352853247	0.9956537824258685	-1.073117547338229	1.448974875267006	0.2434250512814382	-0.008777935221403370	-0.008615306123146966	5.477301267576324	-0.002276425892581085	-1.432850088000652	-1.130834514484315	-6.464158081698660	-3.422902000000000	379.2200000000000	3806588883.547890
4.453694873342066	-0.5099251142121821	0.9950398121926957	-1.070708257349970	1.445483833042252	0.2427599166686508	-0.008759662288975130	-0.008749612176211034	5.462538453239161	-0.002306576230841137	-1.421859809581546	-1.127345292919589	-6.458006341698738	-3.435500000000000	386.7900000000000	3806588886.544578
4.452890860843738	-0.4932693272562484	0.9943445274494482	-1.070318129093315	1.447187783293742	0.2429855873463272	-0.008806258266557362	-0.008798949093653998	5.482828872358440	-0.002241707321276492	-1.410516863437967	-1.133936352922444	-6.452263053897405	-3.435578000000000	387.2000000000000	3806588889.545127
4.451810012226551	-0.4756514702762930	0.9937734985867054	-1.070786830630525	1.445339476959974	0.2425360732872229	-0.008823617552383688	-0.008770626048445855	5.460009459676529	-0.002260893900123191	-1.410222668205798	-1.136864592072208	-6.469842931000455	-3.435652000000000	387.1100000000000	3806588892.549110
4.451263649190468	-0.4577677424011622	0.9933057117423307	-1.070379344170316	1.445735085785544	0.2453555861889002	-0.008830926725255990	-0.008766971462033306	5.497016086514047	-0.002266375779818052	-1.416791801984486	-1.125811278226224	-6.460003658173276	-3.435716000000000	387.1700000000000	3806588895.544268
4.452485199993598	-0.4389639723613226	0.9931979014930432	-1.070107077124434	1.445775286188787	0.2427599166686177	-0.008760575935536464	-0.008727684657414577	5.479564387909240	-0.002315712696989838	-1.445626549736778	-1.128624399931190	-6.471992753977217	-3.435784000000000	387.3400000000000	3806588898.549107
4.456487903140307	-0.4197198249002649	0.9934655998239074	-1.070485326998160	1.445376022769583	0.2434533743260565	-0.008790726274003978	-0.008734993830303569	5.489779042713499	-0.002278253185808395	-1.437272146841673	-1.122208760088159	-6.456067544986624	-3.448245000000000	395.7600000000000	3806588901.549306
4.461295532497790	-0.4002216840333536	0.9940274922248556	-1.071094730610356	1.445935174269159	0.2425141457606131	-0.008796208153700956	-0.008642715521636682	5.488102482259785	-0.002318453636826932	-1.429092251231706	-1.119000941777383	-6.460965735558378	-3.448315000000000	395.9800000000000	3806588904.549521
4.465427974125234	-0.3799067432367786	0.9944934517768463	-1.069341440104045	1.443761609875090	0.2430193922633977	-0.008805344619947929	-0.008693879732405044	5.493325840260088	-0.002302921644385432	-1.489959522457432	-1.125149793167016	-6.471575255375746	-3.448385000000000	395.7700000000000	3806588907.548665
4.463940550956366	-0.3583684296663232	0.9936492427061653	-1.068462510565161	1.443111093832997	0.2428238719365591	-0.008716720897786417	-0.008609824243333498	5.522940099440619	-0.002283735065480686	-1.499783072922671	-1.124021437457464	-6.474083244199479	-3.448451000000000	395.9400000000000	3806588910.549397
4.461788903811968	-0.3368904173442491	0.9924578480868684	-1.069428236463653	1.444558309574081	0.2425315050621764	-0.008761489582188604	-0.008678347739879251	5.499982722770814	-0.002254498373806496	-1.474199082595211	-1.124688400565421	-6.469724171233634	-3.448515000000000	396.0400000000000	3806588913.549084
4.462008179953460	-0.3151310023177283	0.9919873203039192	-1.069371590328500	1.445082742414894	0.2436242261950388	-0.008766057815285302	-0.008712152664808372	5.516532646685663	-0.002296526118127041	-1.525939923713304	-1.128121890345809	-6.462212876889388	-3.461052000000000	405.8100000000000	3806588916.549579
4.459727708092361	-0.2930106973170530	0.9908872903025577	-1.071180613401610	1.445654684902516	0.2427818441961259	-0.008798949093649108	-0.008602515070364360	5.511041588065982	-0.002267289426406863	-1.598930412474112	-1.125979386087435	-6.454268537814533	-3.461121000000000	405.6500000000000	3806588919.549329
4.455379644994179	-0.2709406434520087	0.9893523647191240	-1.069451991528799	1.443965353062667	0.2426329198212301	-0.008808999206439218	-0.008695707025666985	5.500852520201042	-0.002272771306111656	-1.577955775372810	-1.121108727988627	-6.478915656325412	-3.461186000000000	405.7300000000000	3806588922.544547
4.454584768996319	-0.2487865346214894	0.9886470298676518	-1.070932100564206	1.444966709332242	0.2433163273610471	-0.008855595184050108	-0.008587896724479070	5.508918259090443	-0.002314799050367175	-1.593693377552440	-1.123152559024968	-6.468494363111787	-3.461252000000000	406.0000000000000	3806588925.549380
4.457000461111421	-0.2272473106396676	0.9890234520940917	-1.068940349132172	1.443947080115262	0.2431747121703661	-0.008928686913660141	-0.008769712401853442	5.484495378753532	-0.002304748937642296	-1.604344696048747	-1.121461396180529	-6.464617645427698	-3.461324000000000	405.8600000000000	3806588928.544428
4.459790749981507	-0.2054769345194738	0.9892080086225906	-1.072910148940145	1.448331668303454	0.2436287944557048	-0.008861990710373285	-0.008782503454484657	5.471907974247663	-0.002269116719646815	-1.567167409921047	-1.124169449016376	-6.475766244940151	-3.473876000000000	416.6400000000000	3806588931.549911
4.459942415978381	-0.1841277500671035	0.9889585832152636	-1.072130806893892	1.443500307087519	0.2434807836925388	-0.008756921349108911	-0.008678347739831678	5.466906631488708	-0.002243534614453568	-1.568183387883917	-1.125420232736809	-6.465304737066910	-3.473943000000000	416.6800000000000	3806588934.549179
4.456513485355239	-0.1628580533617351	0.9875689273743867	-1.071365170496221	1.445993647752207	0.2427617439729153	-0.008811740146409454	-0.008678347739860048	5.440555953589013	-0.002279166832414142	-1.612875435877465	-1.128913109081456	-6.449899374074634	-3.474012000000000	416.6400000000000	3806588937.543538
4.455914130578010	-0.1416340394563040	0.9866406628547197	-1.070848958812425	1.443481120449329	0.2426749475703416	-0.008814481086164516	-0.008647283754800068	5.461709770143838	-0.002301094351154071	-1.632242052596821	-1.125653213233143	-6.472665260125710	-3.474077000000000	417.1300000000000	3806588940.549259
4.459265400897015	-0.1212341353434455	0.9869174976475052	-1.073624621434983	1.445640066606500	0.2440773948359458	-0.008859249770506512	-0.008654592927765735	5.452491918577208	-0.002302007997781318	-1.592887538694542	-1.124837325645701	-6.471996420850602	-3.474144000000000	416.8700000000000	3806588943.549706
4.460402895872377	-0.1011448715243786	0.9866032033613045	-1.071952645584764	1.443880383919659	0.2427681395011664	-0.008936909733345884	-0.008745043943121821	5.446903099707437	-0.002303835291018300	-1.578199719657117	-1.124475520472670	-6.460130619559173	-3.486772000000000	429.3900000000000	3806588946.548771
4.457447236244092	-0.08123651014202071	0.9855799196387556	-1.071512267505335	1.444382889316301	0.2427681394813448	-0.008901277515144041	-0.008832754018746187	5.439712646335946	-0.002302921644395648	-1.543018758349813	-1.124692969064412	-6.473184239473781	-3.486842000000000	429.4800000000000	3806588949.548312
4.455293761838713	-0.06210109421724547	0.9845127808994523	-1.070414063030187	1.444105141028676	0.2430413197709382	-0.008788898980825402	-0.008736821123539238	5.432428087544491	-0.002268203073041347	-1.496808232702559	-1.124195944568036	-6.457770641857244	-3.486909000000000	429.7600000000000	3806588952.545427
4.456996806508874	-0.04402733604242902	0.9842843693542180	-1.071888690323658	1.444904581315714	0.2427361618875956	-0.008758748642364318	-0.008626269882534184	5.441419351579862	-0.002295612471507578	-1.454409453663984	-1.125601134966099	-6.502065270156565	-3.486969000000000	429.7600000000000	3806588955.549578
4.457339425474797	-0.02683798811743206	0.9835032018694735	-1.073243630802799	1.444736470525098	0.2438891836765445	-0.008937823379847300	-0.008729511950572290	5.471945440016002	-0.002286476005319651	-1.461493884791806	-1.126689290357658	-6.481974602830539	-3.487033000000000	429.7300000000000	3806588958.549376
4.453179574427756	-0.01021875595206552	0.9821245097822601	-1.073427272664739	1.446698982549793	0.2402017066400517	-0.008849199657694465	-0.008770626048482975	5.457386361007114	-0.002286476005309191	-1.472249356472129	-1.123918195656680	-6.497494168058489	-3.499577000000000	443.9800000000000	3806588961.549796
4.446068632142272	0.005996644163023258	0.9801638250774911	-1.071576223261521	1.442463318690685	0.2440234896828373	-0.008756921349104068	-0.008669211273707086	5.423865330506259	-0.002259980253516662	-1.430219693447666	-1.125526215853936	-6.516227121168805	-3.499642000000000	444.1000000000000	3806588964.548461
4.444265999612308	0.02125271512079634	0.9791350594774032	-1.073514984913711	1.445196034624820	0.2445552318877448	-0.008822703905756625	-0.008731339243874961	5.407922078777735	-0.002310230817303304	-1.412398065051359	-1.123994942252990	-6.457038771382573	-3.499710000000000	444.1900000000000	3806588967.548934
4.446610426914036	0.03538956880979918	0.9794173761474233	-1.072001982861548	1.445588902300779	0.2432066897990544	-0.008917723154271676	-0.008817222026043747	5.447422055487053	-0.002287389651959779	-1.411033074404534	-1.130859180738552	-6.486998861166049	-3.499776000000000	444.4700000000000	3806588970.549337
4.448779433324035	0.04791200882957194	0.9796494422774643	-1.071918840306342	1.445439064243044	0.2440646037823516	-0.008866558943491056	-0.008810826499795000	5.444195945790796	-0.002294698824832533	-1.371592697098416	-1.127789322602745	-6.475018833991427	-3.499838000000000	444.2300000000000	3806588973.549311
4.451905945537055	0.05976291849018886	0.9799189679009314	-1.071998328078894	1.445343131562118	0.2432551130449780	-0.008856508830641934	-0.008766971461915050	5.445992187739457	-0.002220693449108440	-1.298044915019292	-1.123772011858116	-6.454964737853890	-3.512179000000000	460.9500000000000	3806588976.550445
4.455212446939038	0.07032284544810849	0.9803218858668481	-1.073288399211361	1.446052120994718	0.2435091067223422	-0.008993555823692372	-0.008796208153804486	5.443799424282242	-0.002276425892564689	-1.290013032852428	-1.123512536033722	-6.483348761099280	-1.805708000000000	248.9800000000000	3806588979.549148
4.458525343926143	0.07998648504693655	0.9807695724956336	-1.071000624544044	1.443174135435693	0.2434159148259664	-0.008897622928534464	-0.008705757138387600	5.457376318862135	-0.002311144463941821	-1.247395909463229	-1.124813570605621	-6.472667062937822	-0.01505700000000000	223.0600000000000	3806588982.547543
4.459759685860972	0.08843406101998508	0.9806014615982981	-1.069680403341215	1.444569273230463	0.2433455640391989	-0.008836408605092180	-0.008724943717463549	5.467022668897640	-0.002285562358697808	-1.201147952469937	-1.121302421382682	-6.458729994927646	-0.01506000000000000	222.2000000000000	3806588985.548250
4.459022369841229	0.09539878860381526	0.9801565159080496	-1.074228542958023	1.444942040811549	0.2455620702800154	-0.008965232778521995	-0.008826358492272075	5.467644862387917	-0.002327590103010274	-1.173679121374259	-1.117587528601276	-6.462983090975557	-0.01512800000000000	222.3500000000000	3806588988.544963
4.457985376432955	0.1010643107764056	0.9796503559236462	-1.069935310623972	1.445493883139238	0.2413958425172118	-0.008855595184066544	-0.008720375484390763	5.475428282200347	-0.002315712696991174	-1.113605848831227	-1.117213847758753	-6.477027112781427	-0.01520600000000000	222.2200000000000	3806588991.548499
