0.1448965024973547	-0.03841115009224342	-0.003240323071682092	2.428562903039908	2.606297393661992	0.2096082553006706	-0.008124677888205466	2.992006397921492	-0.002496614726752213	-0.002312971757209175	6.222182219314900	-0.00009100000000000000	220.1800000000000	3805295827.741282
0.1448955888508204	-0.03846322795105622	-0.003225704725884729	2.425779934928376	2.604642778547308	0.2088892155428566	-0.008047017925540344	2.992012793454652	-0.002494787433529999	-0.002299267057994474	6.225569143467458	-0.00005700000000000000	220.4700000000000	3805295830.745947
0.1449102071948676	-0.03843125031846998	-0.003233013898864325	2.429530455559738	2.610395100963942	0.2099654910449230	-0.008088132023407749	2.991947924475265	-0.002448191456173003	-0.002282821418886527	6.226150228856293	-0.00007499999999999999	220.4000000000000	3805295833.744960
0.1449348756504530	-0.03847419171077093	-0.003282350816084896	2.418250571025963	2.601576579147743	0.2084799019226815	-0.008051586158651919	2.992008225216702	-0.002487478260578531	-0.002319367283489359	6.228380464024394	-0.0001020000000000000	220.5400000000000	3805295836.742527
0.1449568031664934	-0.03847875994397915	-0.003249459537944705	2.427282884105918	2.614638077684348	0.2093688799139744	-0.008068031797792561	2.991997261445502	-0.002467378035076924	-0.002299267057949057	6.229529843748638	-0.0001310000000000000	220.3900000000000	3805295839.744226
0.1450445132307495	-0.03840109997921113	-0.003387420176778152	2.423147718384463	2.609805798354592	0.2087384638629046	-0.008093613903145261	2.992005484273898	-0.002494787433498287	-0.002295612471540889	6.232998997046909	-0.0001640000000000000	220.5100000000000	3805295842.742502
0.1453149525955332	-0.03845865971781043	-0.003691664499824616	2.426269649554822	2.612714850947778	0.2084881247385811	-0.008078995557229207	2.992003656978695	-0.002510319425957766	-0.002303835291010778	6.234516580339989	-0.1236740000000000	220.9700000000000	3805295845.744923
0.1453396210510895	-0.03843673219833710	-0.003290573635685181	2.424760305168403	2.612325637172432	0.2101098471519026	-0.008076254617392774	2.992007311569124	-0.002512146719187258	-0.002266375779868296	6.235110456984453	-0.1237030000000000	220.9500000000000	3805295848.739690
0.1457617257351342	-0.03819004760433696	-0.003323464913744720	2.423534191163029	2.614839079831543	0.2088791654355885	-0.008038795105986913	2.991963456484469	-0.002540469764254384	-0.002302921644456352	6.237325160169675	-0.1237360000000000	220.8900000000000	3805295851.741205
0.1462011897025585	-0.03842120020539571	-0.003307932921203143	2.422901033867731	2.614872885138019	0.2091258499787900	-0.008040622399212587	2.992015534397486	-0.002505751192903860	-0.002303835291053767	6.240900297674288	-0.1237700000000000	220.7900000000000	3805295854.738939
0.1460805883643063	-0.03838008610639378	-0.003278696229587756	2.423559773115357	2.613374504292966	0.2083209274456042	-0.008046104278941436	2.991974420255625	-0.002527678711668780	-0.002279166832489385	6.242025008628114	-0.1238040000000000	220.9000000000000	3805295857.743745
0.1457763440791649	-0.03845865971782599	-0.003582026906101908	2.423377043593543	2.615523401496562	0.2091477774699384	-0.008052499805270561	2.992019188987812	-0.002516714952267506	-0.002314799050395924	6.244486399075512	-0.2489730000000000	221.4900000000000	3805295860.745126
0.1458211127577677	-0.03848058723728603	-0.003579285966204844	2.421835721284069	2.617147866731643	0.2089723573520309	-0.008015953940489318	2.992046598415756	-0.002485650967357385	-0.002273684952803931	6.244589642299661	-0.2490140000000000	221.4200000000000	3805295863.744547
0.1462459583811297	-0.03844312772485377	-0.003362751718236268	2.423551550233623	2.618082527603253	0.2092820834967331	-0.008050672512023287	2.991955233656074	-0.002478341794463961	-0.002299267057946913	6.249414661919429	-0.2490500000000000	221.4800000000000	3805295866.740310
0.1464798518855785	-0.03844678231142245	-0.003285091755791323	2.422945802182539	2.620938588167839	0.2081546437656283	-0.008056154391758087	2.992028325463821	-0.002467378035075045	-0.002275512246009490	6.247481364910653	-0.2490900000000000	221.4200000000000	3805295869.745656
0.1475954142635098	-0.03882229108246171	-0.003188245214610284	2.422903774362259	2.620026768798941	0.2070911592919164	-0.008057068038369438	2.992050253006187	-0.002498442019975768	-0.002302921644444809	6.250024984491150	-0.2491250000000000	221.4500000000000	3805295872.740813
0.1487246813380481	-0.03892279221342914	-0.002903187470610390	2.418446091664908	2.616457149304311	0.2118841485943934	-0.008090872963279889	2.991974420255590	-0.002480169087664135	-0.002360481381126769	6.249305023112695	-0.3736490000000000	222.1100000000000	3805295875.742818
0.1496904056881815	-0.03888076446773395	-0.002729594613956972	2.410172105760934	2.628816966965214	0.2088088146749240	-0.008066204504547718	2.991998175093097	-0.002505751192879942	-0.002379667960072072	6.243207280116517	-0.3736810000000000	222.0100000000000	3805295878.745344
0.1505766427923009	-0.03868067585251709	-0.002789895290351763	2.423512263278895	2.619747192619266	0.2088709425956053	-0.008068031797802543	2.992019188987863	-0.002516714952257568	-0.002311144463939670	6.241699747002518	-0.3737120000000000	221.9900000000000	3805295881.739539
0.1517095644500909	-0.03821654335699996	-0.002894964651301559	2.424161865999199	2.620340149399387	0.2084397014839395	-0.008066204504540693	2.992002743331074	-0.002549606230427245	-0.002312971757181767	6.243993024624876	-0.3737480000000000	222.0500000000000	3805295884.745518
0.1543216797848942	-0.03781819342008577	-0.002772536004817050	2.423902390735555	2.617682350291215	0.2080477471362778	-0.008089045670039903	2.991971679312861	-0.002521283185358776	-0.002283735065519399	6.247149707708386	-0.3737840000000000	222.0000000000000	3805295887.745322
0.1581717861134154	-0.03700596155378052	-0.002793549876983442	2.423414503440884	2.616375835497836	0.2072885069284560	-0.008080822850467025	2.991980815788729	-0.002513974012445204	-0.002260893900146040	6.249862353585056	-0.4989210000000000	222.5900000000000	3805295890.740077
0.1640072462532159	-0.03539520252265203	-0.002544124351014077	2.423899649547813	2.616835398907178	0.2092437103529296	-0.008088132023428020	2.991956147303607	-0.002517628598918923	-0.002282821418923057	6.253265723963618	-0.4989610000000000	222.6600000000000	3805295893.744355
0.1749170989322578	-0.03208140615751543	-0.002259066607351003	2.422534661397148	2.614920395000993	0.2093122338474206	-0.008055240745138102	2.992007311569093	-0.002517628598897962	-0.002280080479106937	6.251326944885088	-0.4989940000000000	222.5300000000000	3805295896.745243
0.2037188902457250	-0.02172522156409248	-0.001201977474748797	2.423618246321094	2.614671882830939	0.2085036567372696	-0.008091786609908240	2.991987211321920	-0.002497528373349612	-0.002284648712169997	6.255519714485600	-0.4990300000000000	222.6000000000000	3805295899.743867
1.112180247216634	0.5612103982600293	0.07351055657653682	2.424485297165378	2.615284026418943	0.2093524342794768	-0.008096354842996848	2.991997261445503	-0.002493873786893086	-0.002271857659545979	6.253635754823117	-0.4990620000000000	222.5200000000000	3805295902.745148
3.244303934173524	1.357379100615560	0.2889474838262178	2.423092899451853	2.614904862769651	0.2091441228820165	-0.008000421947954887	2.991976247550854	-0.002495701080131166	-0.002282821418910416	6.254435204280389	-0.6236740000000000	223.1700000000000	3805295905.744462
3.736301696883532	0.4698229373915556	0.3820069366211465	2.422739318101272	2.612304623368992	0.2088252602897703	-0.008089959316652061	2.991989038617181	-0.002503010253048496	-0.002300180704607990	6.256432457326834	-0.6237040000000000	223.3400000000000	3805295908.743619
3.747596225778496	-0.7300803771833022	0.4272863359480574	2.422803273167447	2.611722630174081	0.2071724738252447	-0.008052499805262186	2.992017361692656	-0.002486564613965794	-0.002302007997823497	6.258672743009889	-0.6237370000000000	223.3500000000000	3805295911.744957
2.368640771737319	-0.9234693922848467	0.2816447056921123	2.421912467661499	2.611073026904746	0.2085310661280584	-0.008057981684999159	2.992050253006146	-0.002503923899658249	-0.002331244689522151	6.260271641941885	-0.6237680000000000	223.3100000000000	3805295914.745996
0.6087154673525554	-0.2218239086596025	0.05708684732692132	2.420038577893182	2.609699815370202	0.2093305067748950	-0.008047017925551696	2.991980815788735	-0.002521283185331632	-0.002302007997839600	6.258879229476541	-0.6237980000000000	223.3400000000000	3805295917.744858
0.2548383222936951	-0.06798406517282812	0.009610116492210908	2.418692775959711	2.608893064821695	0.2104880968278555	-0.008095441196383613	2.991990865912329	-0.002507578486129561	-0.002296526118164111	6.258703807318550	-0.7491679999999999	223.9900000000000	3805295920.741871
0.1999985219121438	-0.04733839149657408	0.002152019239287315	2.417198963523899	2.605186398891425	0.2088636334303243	-0.008047017925550888	2.991978074845922	-0.002498442019994833	-0.002253584727239184	6.256309113673300	-0.7492070000000000	223.8800000000000	3805295923.740468
0.1839484943795960	-0.04324982273339756	0.0002150884223820783	2.416971465327734	2.606728635008969	0.2092172146006485	-0.008086304730180741	2.992035634644635	-0.002526765065042087	-0.002303835291063434	6.253664991840228	-0.7492390000000000	224.0100000000000	3805295926.744879
0.1750477503855003	-0.04200178141187792	-0.0006693214987392141	2.417422806916720	2.604419849039392	0.2084990884984420	-0.008050672512029757	2.992052993948976	-0.002516714952281750	-0.002317539990266877	6.250961482332720	-0.7492700000000000	224.0300000000000	3805295929.741879
0.1701999421451736	-0.04119229048229592	-0.001207459354294471	2.414536596457376	2.603857042448304	0.2084643699427532	-0.008193201384665536	2.991899501152620	-0.002478341794470140	-0.002281907772289638	6.250110868051197	-0.7493000000000000	223.9700000000000	3805295932.744814
0.1680473910247403	-0.04071628057923495	-0.001466021345873751	2.415612872440378	2.603121556491231	0.2082889498038262	-0.008211474317048309	2.991895846562193	-0.002461896155361918	-0.002264548486617067	6.250729413533005	-0.8737460000000000	224.7600000000000	3805295935.741105
0.1674909803143176	-0.04067973471340359	-0.001492517097893618	2.414616997313545	2.603468742310977	0.2084387878426290	-0.008098182136230611	2.992007311569079	-0.002500269313220010	-0.002313885403799865	6.255671381399275	-0.8737740000000001	224.7600000000000	3805295938.739767
0.1681652514215001	-0.04087251415583919	-0.001444093827154950	2.414178446826414	2.603601221211090	0.2073689078263655	-0.008066204504563112	2.991952492713270	-0.002524024125181631	-0.002327590103012437	6.258270734043896	-0.8738030000000000	224.7400000000000	3805295941.740497
0.1695676987775571	-0.04102874773242982	-0.001286032963264952	2.412502818676803	2.603648730768169	0.2097105837050507	-0.008046104278927112	2.992012793454679	-0.002531333298130939	-0.002320280930112017	6.256175719897504	-0.8738300000000000	224.8000000000000	3805295944.746030
0.1713008861594968	-0.04128365514694673	-0.0009827022871699478	2.412550327966735	2.602587986891024	0.2094227850870085	-0.008065290857929893	2.992009138864248	-0.002522196831945165	-0.002266375779858099	6.252976094968341	-0.8738610000000000	224.8500000000000	3805295947.745910
0.1732295938866524	-0.04158424489388917	-0.001042089317148024	2.413848620337967	2.601677994511570	0.2077763941443173	-0.008081736497091051	2.992021929930622	-0.002503010253054142	-0.002257239313697850	6.251698803147214	-0.9993740000000000	225.5600000000000	3805295950.744073
0.1747115284814028	-0.04194056708640281	-0.0007972320248276187	2.412596010710963	2.601260457492025	0.2084049829087681	-0.008077168263986249	2.991946097180130	-0.002518542245501004	-0.002283735065503003	6.245848660828872	-0.9994070000000000	225.6700000000000	3805295953.742242
0.1767873332869331	-0.04223202036706558	-0.0005980570629372905	2.412646261085736	2.600965349251873	0.2085648710473302	-0.008053413451884879	2.991959801894009	-0.002500269313198515	-0.002294698824923866	6.243773747091901	-0.9994380000000000	225.7000000000000	3805295956.742001
0.1793912257541574	-0.04268975733773085	-0.0002353393576792672	2.412874672646883	2.600664759218014	0.2097069291278756	-0.008065290857939340	2.991979902141153	-0.002507578486109950	-0.002312058110586259	6.243831307458111	-0.9994680000000000	225.6700000000000	3805295959.746215
0.1824638188591073	-0.04310272562288734	-0.00008550131311580598	2.412683720199805	2.600386096590465	0.2094547626802311	-0.008126505181443817	2.991978074845988	-0.002496614726747654	-0.002303835291040071	6.243940946243679	-0.9994940000000000	225.5000000000000	3805295962.740597
0.1859685667391629	-0.04314475336872495	0.0002845255650470181	2.410708415945614	2.601219343115424	0.2099810230504456	-0.008069859091041465	2.992012793454649	-0.002534074237949486	-0.002351344914965717	6.242868313657703	-1.123741000000000	226.5700000000000	3805295965.744858
0.1910356500766092	-0.04432609848616603	0.0009149417275430243	2.409861465315379	2.601006463581533	0.2091697050036508	-0.008085391083566968	2.992083144319650	-0.002520369538740963	-0.002314799050463627	6.238537582111111	-1.123766000000000	226.4900000000000	3805295968.744833
0.1962927718613082	-0.04575778278711237	0.001449424995516825	2.407710740943639	2.601974015548925	0.2084515788878224	-0.008035140519488584	2.992009138864292	-0.002539556117649981	-0.002337640215820851	6.235141521276298	-1.123790000000000	226.4900000000000	3805295971.745526
0.1976714643806358	-0.04624110186550953	0.001643118076991177	2.409781064573855	2.599891814011590	0.2075397597278597	-0.008142037173976369	2.991991779560014	-0.002556915403328208	-0.002273684952779209	6.236196794428871	-1.123818000000000	226.5100000000000	3805295974.746107
0.1977527789161384	-0.04620729693938999	0.001596522099936799	2.408630782981626	2.599966733021669	0.2086754222592817	-0.008087218376792632	2.992017361692687	-0.002496614726749811	-0.002295612471548969	6.238245212090888	-1.123841000000000	226.5000000000000	3805295977.741783
0.1993041506150997	-0.04654534620045475	0.001998526608864129	2.407007232626302	2.600312091847237	0.2080148558808366	-0.008003162887819720	2.992016448045040	-0.002495701080133305	-0.002310230817387147	6.236100860468653	-1.249332000000000	227.5100000000000	3805295980.742198
0.2050455049914459	-0.04822554239409949	0.002635338296785935	2.406284537982107	2.598274658906331	0.2085237569534604	-0.008101836722716513	2.992021929930702	-0.002539556117644890	-0.002302921644441592	6.238193133769684	-1.249360000000000	227.4900000000000	3805295983.743229
0.2098503717266671	-0.04958778955446980	0.003236517766384614	2.404895794413912	2.599624115442737	0.2092053372154820	-0.008043363339068242	2.991984470379165	-0.002495701080131151	-0.002343122095465741	6.235204563551196	-1.249389000000000	227.4600000000000	3805295986.740830
0.2117361380160276	-0.05027393819194689	0.003381787577384993	2.405179938738961	2.596816478024262	0.2076740657567029	-0.008027831346561360	2.991995434150303	-0.002473773561359775	-0.002323021869945612	6.233543536312732	-1.249416000000000	227.5200000000000	3805295989.744842
0.2136712412112703	-0.05082395347825234	0.003810287837327864	2.406019580492119	2.594861272901722	0.2083428549562071	-0.008063463564689630	2.992004570626320	-0.002534987884579412	-0.002367790554085759	6.225248450103887	-1.249441000000000	227.4500000000000	3805295992.745093
0.2170499058015882	-0.05182805115281918	0.004273506668490676	2.406380470810901	2.594671234807372	0.2087613050343291	-0.008080822850460273	2.992009138864288	-0.002499355666572627	-0.002286476005358072	6.226954246389368	-1.373807000000000	228.6100000000000	3805295995.740743
0.2224066149490640	-0.05350459276819764	0.004959655271857321	2.403608466095660	2.596488478418887	0.2080468335110794	-0.008066204504555814	2.992011879807107	-0.002530419651526824	-0.002297439764773585	6.224873851024270	-1.373832000000000	228.6200000000000	3805295998.740703
0.2348294656746686	-0.05732363580421429	0.006972418748745514	2.404920462990213	2.595134453986152	0.2090847358588927	-0.008050672512034637	2.991983556731604	-0.002525851418443876	-0.002270030366320536	6.226956073799387	-1.373855000000000	228.6200000000000	3805296001.745773
0.2570329013371888	-0.06417598578388699	0.01027159664204680	2.403370918016527	2.594301207651327	0.2083647824635037	-0.008073513677527646	2.992000002388328	-0.002515801305668231	-0.002261807546748547	6.230020477249369	-1.373880000000000	228.6200000000000	3805296004.741829
0.2916336048015569	-0.07524481521583702	0.01547481404166071	2.401797618131685	2.592811962842934	0.2078028899047979	-0.008081736497125390	2.991968938370047	-0.002511233072594142	-0.002312058110594054	6.230026872884256	-1.373904000000000	228.5100000000000	3805296007.745447
0.3678143537277506	-0.1085335325646258	0.02640476825774884	2.402489248908642	2.592057290089974	0.2082597131311612	-0.008093613903131468	2.992027411816211	-0.002507578486116660	-0.002284648712147159	6.230796171576688	-1.499241000000000	229.8300000000000	3805296010.745789
0.8444307135294322	-0.3702184483682530	0.09120423663499054	2.401785740557006	2.594330444318373	0.2081272343716877	-0.008093613903143913	2.991989952264705	-0.002511233072582314	-0.002270030366364058	6.231658663255000	-1.499270000000000	229.8300000000000	3805296013.741270
2.474488424108233	-1.153143091016394	0.3029463733029024	2.400849252514431	2.594253697905565	0.2099554409221931	-0.008072600030897647	2.992002743331130	-0.002496614726741464	-0.002296526118114126	6.228526649065014	-1.499295000000000	229.8600000000000	3805296016.746472
3.548655625730206	-1.290531081032346	0.4254745752438180	2.403560042947757	2.594109341605793	0.2086598902804488	-0.008073513677519260	2.992017361692668	-0.002494787433499634	-0.002329417396238948	6.226436203306755	-1.499320000000000	229.8500000000000	3805296019.741413
3.783001947899250	-0.7142806293803466	0.4308002197550069	2.405078524274184	2.595180136271843	0.2081226661651669	-0.008072600030905484	2.992022843578228	-0.002505751192895521	-0.002270944012889986	6.225298701211490	-1.499342000000000	229.9600000000000	3805296022.741107
3.796121946995965	0.08350582736885591	0.4036950737827029	2.403543597214770	2.598409878219849	0.2083099636968657	-0.008068945444409838	2.991938787999332	-0.002536815177795443	-0.002324849163181254	6.224111861565590	-1.624175000000000	231.1700000000000	3805296025.740599
3.778292086310133	0.9445608574133573	0.3692643108975514	2.401111469351062	2.596808255149072	0.2081747440030702	-0.008036967812736412	2.991978074845977	-0.002527678711638140	-0.002291957885028233	6.222103644848423	-1.624194000000000	231.2100000000000	3805296028.743048
3.538181604126331	1.644939210274550	0.3107909422578327	2.401698944182702	2.598218926177843	0.2078905999707778	-0.008138382587491541	2.991996347797929	-0.002511233072580975	-0.002332158336092963	6.223970244715814	-1.624214000000000	231.2500000000000	3805296031.745907
1.559714386544998	0.8149190202918600	0.1126941160863139	2.402314742260666	2.595752078975045	0.2074922501003191	-0.008035140519491557	2.991967111074853	-0.002486564614000996	-0.002256325667076540	6.231304164372144	-1.624238000000000	231.2800000000000	3805296034.740670
0.3786922240506677	0.08440670501407241	0.01193169248646246	2.398946126358215	2.598550579897469	0.2098622490197532	-0.008101836722726781	2.992018275340290	-0.002509405779375703	-0.002284648712148234	6.230751402372356	-1.624256000000000	231.1200000000000	3805296037.742189
0.2034128186774220	-0.01889383067331600	-0.0009023013856571375	2.399970324268493	2.598526825170727	0.2089961121541622	-0.008092700256516084	2.992010966159461	-0.002488391907224297	-0.002291957885051593	6.231767388246950	-1.749517000000000	232.7500000000000	3805296040.742075
0.1755950246239646	-0.03210059273699343	-0.002336726569417922	2.398999117719013	2.600609027155786	0.2072592702566854	-0.008074427324126538	2.991962542836823	-0.002494787433528651	-0.002297439764694869	6.236316483483608	-1.749545000000000	232.7600000000000	3805296043.740971
0.1667883861645704	-0.03512567676322153	-0.002814563749066155	2.398839229323416	2.601105137592872	0.2076521382228691	-0.008049758865405994	2.992025584521038	-0.002542297057487882	-0.002275512246027458	6.242296364703547	-1.749567000000000	232.7000000000000	3805296046.746251
0.1624449107567848	-0.03633808585756549	-0.002807254576204932	2.396695814099763	2.601519933307921	0.2084762473325001	-0.008188633151552620	2.991927824228089	-0.002529506004877025	-0.002334899275909083	6.246786072333931	-1.749587000000000	232.7400000000000	3805296049.741656
0.1601699309937231	-0.03706169399896539	-0.003029270703565182	2.400471916287082	2.601099655317511	0.2082058079810896	-0.008188633151582898	2.991980815788736	-0.002522196831964512	-0.002321194576761546	6.249901640874814	-1.749611000000000	232.6100000000000	3805296052.741643
0.1582604098238898	-0.03761536386509653	-0.003272300703215261	2.398843797718682	2.600470152486274	0.2085776620766198	-0.008106404955821073	2.991977161198396	-0.002528592358243867	-0.002328503749637257	6.252726666539316	-1.874659000000000	234.4000000000000	3805296055.741907
0.1562677468203442	-0.03798630440261232	-0.003253114124388308	2.397060359023068	2.602037971033841	0.2079792236622520	-0.008155741873265935	2.991925996932936	-0.002483823674132493	-0.002362308674404066	6.252631646396228	-1.874672000000000	234.4600000000000	3805296058.741861
0.1550763517907416	-0.03806122342744057	-0.003373715477596410	2.396188740112356	2.603281444781361	0.2080404379758952	-0.008240711008885312	2.991928737875786	-0.002494787433518704	-0.002304748937682876	6.257354336595379	-1.874689000000000	234.4400000000000	3805296061.741336
0.1541608780018520	-0.03844130043157010	-0.003232100252175634	2.397318007381403	2.601969447597676	0.2086480128542781	-0.008227919956209490	2.991937874351732	-0.002492960140295408	-0.002352258561614163	6.261937237612176	-1.874709000000000	234.4800000000000	3805296064.741503
0.1534208243397550	-0.03842120020536045	-0.003305191981453310	2.397104213805020	2.603417577897780	0.2085310661160900	-0.008181323978638159	2.991949751770504	-0.002537728824403851	-0.002297439764746173	6.261673191065256	-1.874727000000000	234.4300000000000	3805296067.743498
0.1528415724606919	-0.03852901050948646	-0.003194640741224118	2.396482934127421	2.603028364482852	0.2081098751023999	-0.008140209880738531	2.992000916035892	-0.002540469764262432	-0.002336726569152252	6.266817990769940	-1.999569000000000	236.4100000000000	3805296070.741986
0.1527657398014214	-0.03887436894123915	-0.003246718598137739	2.395399349014568	2.603061255600182	0.2081975851637131	-0.008109145895676996	2.991997261445495	-0.002537728824418895	-0.002332158336124119	6.271931726407475	-1.999593000000000	236.4600000000000	3805296073.741326
0.1527931491963454	-0.03925079135905198	-0.003202863560517290	2.393491653917611	2.603487015755760	0.2079764827269228	-0.008053413451891898	2.992024670873376	-0.002546865290566262	-0.002295612471513234	6.277149618977209	-1.999614000000000	236.5000000000000	3805296076.742423
0.1527785308523867	-0.03930286921782138	-0.003303364688250834	2.391126222890686	2.605577441120113	0.2088161238577696	-0.008043363339076069	2.992028325463816	-0.002556001756725973	-0.002343122095477294	6.280475328853025	-1.999634000000000	236.4300000000000	3805296079.747501
0.1524815957407395	-0.03930561015779899	-0.003352701605594545	2.392896870389684	2.602796297845751	0.2081043932165371	-0.008080822850473774	2.992009138864261	-0.002529506004897976	-0.002344035742074967	6.288690929062406	-1.999653000000000	236.4400000000000	3805296082.743037
0.1523162257247301	-0.03937504730287542	-0.003256768710911886	2.389561145743519	2.605157162233175	0.2077142661856620	-0.008088132023444779	2.991968024722386	-0.002530419651497003	-0.002350431268382835	6.289128570466920	-2.124666000000000	238.5900000000000	3805296085.747518
0.1518822436383309	-0.03935586072336385	-0.003317983034279248	2.389171018523540	2.606023299434530	0.2085648710394659	-0.008041536045812306	2.992075835138787	-0.002514887659044489	-0.002301094351241121	6.294816082959173	-2.124676000000000	238.6500000000000	3805296088.747227
0.1518721935268746	-0.03930835109772932	-0.003202863560493336	2.388982806997784	2.609297810649447	0.2076868567942841	-0.008070772737648203	2.991962542836796	-0.002550519877042953	-0.002267289426476727	6.301815606509069	-2.124693000000000	238.7300000000000	3805296091.747089
0.1522678024603566	-0.03934489696354298	-0.003209259086872406	2.386377086566403	2.610501997251476	0.2079271458125333	-0.008056154391729442	2.992060303129663	-0.002540469764290914	-0.002338553862419880	6.306165525881574	-2.124713000000000	238.6200000000000	3805296094.742731
0.1520677138773590	-0.03932022850411846	-0.003324378560213146	2.387194800339449	2.609286846964244	0.2081564710715758	-0.008078995557239477	2.991957974598845	-0.002529506004871918	-0.002302921644390804	6.313271947777656	-2.124729000000000	238.6400000000000	3805296097.742799
0.1522915572692840	-0.03933667414372501	-0.003244891304822934	2.386308562746033	2.610038778665951	0.2081601256596860	-0.008056154391740513	2.992014620749865	-0.002561483636411161	-0.002257239313687669	6.311586251071953	-2.249948000000000	241.2200000000000	3805296100.741720
0.1524514454063366	-0.03929373275137007	-0.003331687733242490	2.383499098927426	2.609995836897339	0.2078586223183549	-0.008080822850497832	2.992004570626344	-0.002477428147857148	-0.002324849163203282	6.315936170659995	-2.249968000000000	241.1600000000000	3805296103.742034
0.1526871662026606	-0.03906806203009188	-0.003262250590536368	2.383691878209251	2.610041519209979	0.2078988227810026	-0.008097268489626840	2.992020102635395	-0.002460982508779837	-0.002328503749608761	6.323462874813177	-2.249988000000000	241.3300000000000	3805296106.747985
0.1527538623969675	-0.03889903740064256	-0.003233013898665860	2.383466207401134	2.609280451486808	0.2080623654825971	-0.008216956196779868	2.991881228200670	-0.002542297057458045	-0.002302007997837715	6.322269639047590	-2.250006000000000	241.1900000000000	3805296109.741299
0.1528826865530386	-0.03863225258036518	-0.003337169612969081	2.380633902205076	2.611885259160088	0.2081318025955493	-0.008201424204270042	2.991923255990153	-0.002527678711649965	-0.002353172208225006	6.324945739730203	-2.250026000000000	241.2100000000000	3805296112.741917
0.1534153424607503	-0.03841206373889476	-0.003255855064218720	2.379488189203521	2.610918620504730	0.2079819646035607	-0.008087218376822346	2.992010966159559	-0.002496614726779353	-0.002281907772267610	6.328795889359444	-2.374974000000000	244.2300000000000	3805296115.742795
0.1541490005973914	-0.03847327806414044	-0.003300623748396815	2.380838559160870	2.609986700555440	0.2080979976885581	-0.008140209880738538	2.991947924475234	-0.002534074237969640	-0.002312058110578728	6.329054454084342	-2.374984000000000	244.3200000000000	3805296118.746013
0.1553805960737321	-0.03831613084125449	-0.003295141868556405	2.379955976492776	2.607519854066554	0.2079618643752802	-0.008154828226663776	2.991983556731633	-0.002515801305644317	-0.002308403524104206	6.333074544090493	-2.375001000000000	244.2500000000000	3805296121.747133
0.1570653602100010	-0.03799269992915514	-0.003301537394953731	2.379406874753402	2.610760559468044	0.2079463323812802	-0.008082650143691868	2.991968024722428	-0.002506664839524645	-0.002317539990250202	6.330674367648353	-2.375014000000000	244.3200000000000	3805296124.742373
0.1600995802134663	-0.03738786585077748	-0.003350874312139410	2.379189426786738	2.609264919500241	0.2076740657491059	-0.008092700256519862	2.991999088740767	-0.002542297057487334	-0.002319367283517015	6.325570680976041	-2.375029000000000	244.2900000000000	3805296127.744202
0.1651748864662114	-0.03600825941960606	-0.003011911417926017	2.377260718249571	2.608497455903525	0.2080148558670193	-0.008037881459335318	2.991979902141151	-0.002530419651492147	-0.002349517621788895	6.326286074138666	-2.500137000000000	247.8300000000000	3805296130.745832
0.1751628698370212	-0.03296124787148062	-0.002731421906953245	2.375513825717892	2.609256696421700	0.2083510777584816	-0.008053413451884338	2.992011879807132	-0.002502096606460765	-0.002328503749621660	6.326009236267635	-2.500153000000000	247.9700000000000	3805296133.742932
0.2025366317277852	-0.02305549105763822	-0.001696260292956837	2.377096261768026	2.605713573523710	0.2079719144792452	-0.008065290857935553	2.992002743331081	-0.002493873786901426	-0.002348603975165446	6.325211613985358	-2.500173000000000	247.8000000000000	3805296136.743647
1.088308495260183	0.5469164014848851	0.07093772790886578	2.374705247822825	2.605996804015712	0.2073524622186376	-0.008047017925556291	2.991971679312832	-0.002506664839507697	-0.002327590103055413	6.324926552907607	-2.500187000000000	247.9000000000000	3805296139.743145
3.246485732621036	1.385411593673422	0.2880511966768591	2.373406956000811	2.605860670563509	0.2063684649447630	-0.008086304730199917	2.992016448045050	-0.002500269313211687	-0.002354085854813013	6.322063153293988	-2.500204000000000	247.9000000000000	3805296142.741941
3.756689772877668	0.5246965374584234	0.3823212309643183	2.371945120942118	2.604993619494454	0.2083483368114432	-0.008038795105961248	2.992036548292162	-0.002485650967379943	-0.002315712697030395	6.324275115659295	-2.624948000000000	252.2800000000000	3805296145.745530
3.783031186409105	-0.6821540927800552	0.4295265967547526	2.372089477254151	2.604929664057388	0.2083227547322861	-0.008068945444407418	2.992011879807058	-0.002535901531207429	-0.002314799050434871	6.326899138066985	-2.624956000000000	252.3000000000000	3805296148.746547
2.328937369407996	-0.8785937642657415	0.2749668636234252	2.371475506326108	2.602758838859616	0.2080239923365045	-0.008056154391756458	2.992050253006151	-0.002539556117648642	-0.002319367283504128	6.327843859120049	-2.624969000000000	252.3700000000000	3805296151.742784
0.5507656252525375	-0.1938252013920924	0.04811301074238142	2.373787946338273	2.605241217983495	0.2066571772140470	-0.008036967812735047	2.992030152759007	-0.002523110478588247	-0.002292871531631536	6.327906901271404	-2.624986000000000	252.3200000000000	3805296154.743640
0.2228086191129087	-0.05779873212044023	0.004860067785827039	2.374990305829546	2.594159592845024	0.2072528747297172	-0.008113714128796671	2.991971679312850	-0.002564224576237482	-0.002313885403797458	6.327485705591602	-2.625001000000000	252.3200000000000	3805296157.748377
0.1764154791589177	-0.04272264861748380	-0.001118835632997485	2.367811782490005	2.602724119757271	0.2088380513000459	-0.008082650143716714	2.992005484273942	-0.002531333298094661	-0.002305662584306071	6.322202028590373	-2.750308000000000	257.7400000000000	3805296160.748437
0.1648742967714175	-0.04061943403473734	-0.002230743562194960	2.368474176542537	2.603794000995067	0.2070911593194491	-0.008111886835540197	2.992031066406536	-0.002524024125195856	-0.002329417396217721	6.324243137662632	-2.750325000000000	257.7500000000000	3805296163.748156
0.1591795381953658	-0.03989673953754648	-0.002849282320413201	2.363916906278865	2.603987693355145	0.2079189229899417	-0.008043363339054995	2.991981729436386	-0.002493873786891472	-0.002353172208214524	6.315289301819059	-2.750343000000000	257.7600000000000	3805296166.748634
0.1558666560091065	-0.03944813903449669	-0.003131599124514383	2.357985511159971	2.597975895781429	0.2114602166257651	-0.008130159767945150	2.991972592960430	-0.002511233072567273	-0.002325762809773810	6.310446007618742	-2.750360000000000	257.8100000000000	3805296169.742908
0.1542897021578107	-0.03892736044668293	-0.003253114124507153	2.373643590001902	2.611460413167865	0.2061080756996740	-0.008083563790331569	2.992021929930660	-0.002549606230410858	-0.002321194576699201	6.303947167541647	-2.750375000000000	257.8100000000000	3805296172.742301
0.1530699840848988	-0.03891913762683614	-0.003343565139259839	2.358950322236029	2.599456004181189	0.2082578858284626	-0.008026917699903541	2.991998175093184	-0.002563310929634710	-0.002300180704584614	6.297366098611350	-2.875014000000000	264.6100000000000	3805296175.748643
0.1518292521414489	-0.03914846293477355	-0.003361838071649748	2.358497153513330	2.599730098407524	0.2076804612636352	-0.008094527549774170	2.991994520502760	-0.002527678711623363	-0.002311144463978649	6.293385296615258	-2.875021000000000	264.6000000000000	3805296178.747283
0.1502559528711115	-0.03934124237693127	-0.003751965176480325	2.361160433854661	2.598784473816588	0.2085685256209280	-0.007993112775022774	2.991990865912439	-0.002521283185350442	-0.002309317170759629	6.286870011388171	-2.875032000000000	264.7000000000000	3805296181.742560
0.1493879886969156	-0.03936682448303860	-0.003666996041187490	2.348562158580962	2.597953968022002	0.2084159466981929	-0.008101836722704647	2.991996347797934	-0.002509405779384295	-0.002305662584280294	6.285956354709699	-2.875045000000000	264.6900000000000	3805296184.741917
0.1491641453045203	-0.03901598417124816	-0.003566494913504259	2.355853059142637	2.597571150636734	0.2079417641701300	-0.008073513677494404	2.991942442589746	-0.002472859914756191	-0.002321194576712642	6.284271572024737	-2.875059000000000	264.6500000000000	3805296187.743217
0.1492162231549924	-0.03891639668688796	-0.003702628259304525	2.357881355488748	2.599847045193358	0.2074703225773284	-0.008107318602442137	2.991955233656053	-0.002540469764258130	-0.002327590103008924	6.286859047525827	-3.000357000000000	273.5500000000000	3805296190.744706
0.1492390643174782	-0.03912653541530963	-0.003686182620197776	2.360189226779592	2.594286588903302	0.2087996781713321	-0.008110973188907753	2.992030152758979	-0.002519455892134419	-0.002279166832463579	6.292187492872370	-3.000373000000000	273.8800000000000	3805296193.745510
0.1492756101774678	-0.03934306967026066	-0.003772065402030868	2.357647461681191	2.596618216307107	0.2088398786215006	-0.008082650143689168	2.992046598415746	-0.002519455892131457	-0.002276425892606074	6.297914292645847	-3.000388000000000	273.7800000000000	3805296196.743843
0.1487639681375853	-0.03916399492772817	-0.004074482431813999	2.356261459323804	2.595121662387843	0.2085904531563752	-0.008090872963278255	2.991889451029164	-0.002553260816859857	-0.002310230817342545	6.301212593106339	-3.000404000000000	273.7400000000000	3805296199.748374
0.1483665319100433	-0.03896299266581633	-0.004282793860326058	2.355980056409201	2.598906902073398	0.2069851763224159	-0.008057981684987786	2.991951579065685	-0.002574274689009642	-0.002330331042910774	6.302196601384103	-3.000419000000000	273.7100000000000	3805296202.746743
0.1483930276585151	-0.03888076446774366	-0.004088187131253032	2.355337762791519	2.596895965294042	0.2088554105962022	-0.008052499805285430	2.991968938370082	-0.002518542245498588	-0.002313885403789125	6.307861272754783	-3.125228000000000	285.9500000000000	3805296205.744354
0.1484460191555251	-0.03893010138657999	-0.004222493183769564	2.353409967664675	2.598425410230712	0.2066754501791887	-0.008066204504557724	2.991995434150284	-0.002537728824396877	-0.002331244689530724	6.311967245906802	-3.125235000000000	286.4300000000000	3805296208.747922
0.1484021641235361	-0.03889903740064505	-0.004116510176101453	2.355229038550156	2.598654735891496	0.2068636613288214	-0.008041536045817445	2.991973506608090	-0.002542297057485455	-0.002363222320998773	6.308147247331500	-3.125247000000000	286.2900000000000	3805296211.745364
0.1484551556205389	-0.03888624634761523	-0.004231629650030084	2.353006135933203	2.598860306353924	0.2074337767352634	-0.008071686384286824	2.992016448045083	-0.002539556117673638	-0.002323935516574169	6.304428664593638	-3.125259000000000	286.3000000000000	3805296214.743145
0.1479946777843412	-0.03890726022043580	-0.004005958935953006	2.353091104922219	2.597742916489646	0.2083784871386422	-0.008061636271437767	2.991998175093099	-0.002502096606448674	-0.002323021869952061	6.303554295124425	-3.125267000000000	286.4200000000000	3805296217.743766
0.1479891959053393	-0.03893558326648380	-0.003903630514950967	2.352563016973584	2.599641474738726	0.2080778974396437	-0.008067118151170947	2.991986297674273	-0.002541383410881866	-0.002340381155617111	6.304764890275338	-3.187731000000000	294.6500000000000	3805296220.742598
0.1479389453478304	-0.03893284232653445	-0.003618572770772873	2.351255588505126	2.600318487007373	0.2078540540917227	-0.008115541421998810	2.991896760209949	-0.002552347170270510	-0.002333985629332093	6.298702778262910	-3.187744000000000	294.7000000000000	3805296223.744098
0.1479809730868611	-0.03890726022047617	-0.003807697620107654	2.350723846174481	2.599628683577281	0.2073935762857826	-0.008057068038406725	2.992005484273871	-0.002507578486150527	-0.002358654087936249	6.296868155809621	-3.187759000000000	294.7000000000000	3805296226.742803
0.1479243270037990	-0.03886066424155437	-0.003556444800799518	2.348751282539391	2.598484797364489	0.2077270572126326	-0.008109145895658055	2.991959801894051	-0.002491132847028595	-0.002307489877508660	6.294317226383757	-3.187769000000000	294.6300000000000	3805296229.748001
0.1476767288021188	-0.03892553315341044	-0.003645982168993104	2.347421926526107	2.598330390980505	0.2091706186242548	-0.008083563790311324	2.992030152759047	-0.002534074237967758	-0.002336726569174280	6.294483512013729	-3.187783000000000	294.6700000000000	3805296232.742733
0.1478393578792187	-0.03892005127350549	-0.003783029161446947	2.346623399245167	2.598035283649274	0.2082551448985507	-0.008039708752577458	2.992000916035853	-0.002536815177812098	-0.002365963260847407	6.295413614448951	-3.250465000000000	305.0000000000000	3805296235.748095
0.1474903449159483	-0.03885426871502536	-0.003606695364542510	2.345717061480869	2.598665699310456	0.2075388460643504	-0.008068031797796620	2.991975333903242	-0.002542297057484112	-0.002268203073142374	6.295250069889018	-3.250476000000000	304.8900000000000	3805296238.748645
0.1475698321615564	-0.03895111525941809	-0.003663341454730881	2.345920804724450	2.597232187424473	0.2078458312906058	-0.008069859091050640	2.992022843578220	-0.002521283185365235	-0.002300180704606110	6.297787294318888	-3.250486000000000	304.9200000000000	3805296241.746353
0.1479334634688191	-0.03884787318851360	-0.003753792469710405	2.344822601213781	2.596094696343297	0.2082670222922365	-0.008099095782854109	2.991992693207628	-0.002506664839536456	-0.002295612471514016	6.301325886533266	-3.250502000000000	305.0300000000000	3805296244.744559
0.1482102983584495	-0.03888990093419854	-0.003613090890855679	2.343838603571082	2.595218509187142	0.2073012979767205	-0.008146605407063072	2.992009138864259	-0.002520369538722406	-0.002330331042865642	6.301684953749332	-3.250513000000000	304.9000000000000	3805296247.748118
0.1484569829135423	-0.03897030183896141	-0.003802215740601069	2.340175793672474	2.595280637397607	0.2087466866854639	-0.008123764241584674	2.991928737875771	-0.002481996380890111	-0.002318453636879846	6.302827938129258	-3.281693000000000	311.2000000000000	3805296250.747307
0.1481545659219307	-0.03887254164798172	-0.003829625138801906	2.341136950069933	2.595174653993330	0.2081400254201721	-0.008103664015958668	2.991900414800290	-0.002486564613970641	-0.002302007997813271	6.302111631299951	-3.281703000000000	311.0800000000000	3805296253.744659
0.1485346428660655	-0.03890634657378010	-0.003680700740468101	2.340542165860194	2.594491246168563	0.2082496630106634	-0.008127418828078412	2.991937874351784	-0.002560569989776118	-0.002312971757173442	6.305995585868875	-3.281717000000000	311.1400000000000	3805296256.748143
0.1488123914020837	-0.03888441905434704	-0.003743742357106301	2.338861055849989	2.596334072270431	0.2081756576636562	-0.008138382587490455	2.991985384026699	-0.002538642471034306	-0.002337640215787273	6.309814670811050	-3.281727000000000	311.1500000000000	3805296259.748336
0.1489503520235608	-0.03890634657383616	-0.003649636755634467	2.337652301028014	2.596853937281615	0.2084159466723737	-0.008064377211328249	2.991963456484544	-0.002535901531170082	-0.002353172208220446	6.309971819768041	-3.281739000000000	311.1100000000000	3805296262.743252
0.1492582508939646	-0.03914572199489381	-0.003579285966261162	2.336822709852924	2.595564781570841	0.2076192469476129	-0.008122850594964141	2.992004570626280	-0.002530419651487321	-0.002327590103066437	6.306431400110795	-3.312774000000000	318.0100000000000	3805296265.747858
0.1492545963079658	-0.03896847454569966	-0.003852466304274065	2.338924097511276	2.595943945007583	0.2082615403804236	-0.008084477436926711	2.991991779559885	-0.002570620102573271	-0.002296526118156823	6.306605908586150	-3.312782000000000	318.0800000000000	3805296268.747437
0.1491184629795162	-0.03889903740062724	-0.003740087770555391	2.336093619893540	2.596851196732210	0.2081381981331894	-0.008105491309191609	2.991915946809356	-0.002547778937194033	-0.002341294802220962	6.301703226757399	-3.312792000000000	318.0100000000000	3805296271.746686
0.1491833318810228	-0.03893284232653280	-0.003547308334689783	2.334491997124375	2.598436374152060	0.2090755993950424	-0.008102750369332728	2.991909551276217	-0.002513974012434454	-0.002283735065535232	6.295776336083618	-3.312802000000000	318.1000000000000	3805296274.748155
0.1492801784099829	-0.03894197879295269	-0.003793079274101664	2.338140188386836	2.599190133309873	0.2082843815782454	-0.008131987061153772	2.992031980054197	-0.002541383410879183	-0.002317539990270083	6.295868615465738	-3.312810000000000	318.1200000000000	3805296277.748391
0.1491751090625055	-0.03889721010730240	-0.003729124011085693	2.336335735747380	2.598492106294465	0.2083291502533085	-0.008047017925565192	2.992025584521056	-0.002532246944736414	-0.002322108223336111	6.299470249845878	-3.344065000000000	326.1000000000000	3805296280.748290
0.1492335824384988	-0.03893923785308203	-0.003682528034025877	2.333140712615895	2.598080055862527	0.2089285024418273	-0.008064377211298001	2.991977161198371	-0.002531333298128785	-0.002255412020492287	6.298393962394878	-3.344073000000000	326.2400000000000	3805296283.743393
0.1493021059259448	-0.03893375597320201	-0.003762015289147863	2.332029718843006	2.605729103251262	0.2071368416846466	-0.008026004053304357	2.992034720996975	-0.002526765065039678	-0.002302007997807373	6.294813341954983	-3.344082000000000	326.1600000000000	3805296286.747958
0.1492262732664814	-0.03895202890604975	-0.003699887319477298	2.331922821963126	2.604855656650142	0.2074520496881124	-0.008066204504566637	2.991984470379178	-0.002547778937179774	-0.002297439764721470	6.294210328727408	-3.344091000000000	326.1300000000000	3805296289.748083
0.1495314311973427	-0.03889264187414249	-0.003807697620011516	2.333484244599728	2.599086890866163	0.2081162706195457	-0.008089045670042335	2.991904983038247	-0.002534987884574839	-0.002294698824880079	6.288404040834472	-3.344099000000000	326.0900000000000	3805296292.746826
0.1496319323122915	-0.03885426871505893	-0.003716332958389753	2.333042953123567	2.600510352929509	0.2077508120381281	-0.008236142775791577	2.991865696191580	-0.002500269313222707	-0.002344949388712669	6.289404494702978	-3.375470000000000	335.3300000000000	3805296295.744286
0.1496575144142817	-0.03899679759173029	-0.003664255101225281	2.332943365717365	2.599830599625645	0.2083410276696947	-0.008168532925953135	2.991944269884929	-0.002506664839505021	-0.002312058110603439	6.279809273263063	-3.375479000000000	335.4900000000000	3805296298.748310
0.1496648235862915	-0.03896299266580611	-0.003815920439571413	2.333444043871678	2.600049874704859	0.2081692621097429	-0.008060722624837235	2.991968024722496	-0.002530419651506395	-0.002294698824927933	6.275886945573878	-3.375490000000000	335.3600000000000	3805296301.744444
0.1496008683312986	-0.03894015149967840	-0.003803129387136681	2.332252648649753	2.599833340391172	0.2079216639442648	-0.008087218376825840	2.992014620749911	-0.002540469764265671	-0.002383322546483718	6.273616509068889	-3.375500000000000	335.5100000000000	3805296304.743083
0.1496017819777976	-0.03889995104731971	-0.003733692244328991	2.332218843519697	2.597461512859884	0.2073022116383510	-0.008126505181427334	2.992006397921541	-0.002524024125198013	-0.002360481381149076	6.270009392991552	-3.375511000000000	335.5600000000000	3805296307.749969
0.1496081775033053	-0.03898583383195189	-0.003526294462416192	2.332390609197834	2.597602214226487	0.2087201909203867	-0.008125591534811686	2.991962542836882	-0.002493873786889333	-0.002292871531692534	6.264841751693276	-3.387873000000000	339.6600000000000	3805296310.743838
0.1496821828697425	-0.03896116537253545	-0.003715419311792319	2.331774811380571	2.597414002770360	0.2090235215254564	-0.008142950820592043	2.991987211321923	-0.002532246944722962	-0.002377840666811180	6.266014886658114	-3.387883000000000	339.6800000000000	3805296313.748162
0.1496849238092319	-0.03903425710414269	-0.003867998296941782	2.331524472124574	2.596143120084302	0.2084351332472333	-0.008068031797782546	2.991953406360838	-0.002537728824389338	-0.002351344915028034	6.268285323182711	-3.387895000000000	339.5700000000000	3805296316.744335
0.1494811806398757	-0.03931931485744234	-0.003874393823007802	2.329283296409754	2.595056793694391	0.2074045400282031	-0.008057068038356461	2.992010052511851	-0.002556001756714670	-0.002350431268374768	6.269533377984017	-3.387907000000000	339.6000000000000	3805296319.748124
0.1495917318663048	-0.03930286921787913	-0.003690750853299764	2.328321226440756	2.597560186451264	0.2060651343210314	-0.008058895331595083	2.991938787999291	-0.002574274689017173	-0.002357740441299878	6.274247845720506	-3.387916000000000	339.5900000000000	3805296322.746071
0.1501024602593612	-0.03922246831304070	-0.003775719988424537	2.329202895570150	2.596934338368750	0.2079070456179143	-0.008035140519498878	2.991981729436360	-0.002501182959831126	-0.002340381155603660	6.275767256638474	-3.400528000000000	344.1600000000000	3805296325.748167
0.1506789712001642	-0.03927454617178289	-0.003656945928271557	2.327318956031876	2.597521813568644	0.2085968486465969	-0.008047017925541439	2.991926910580654	-0.002516714952297331	-0.002330331042889549	6.272494538791979	-3.400541000000000	344.0900000000000	3805296328.747686
0.1512563957871456	-0.03898217924531886	-0.003618572770425152	2.326843859474885	2.596578016102181	0.2097489568401040	-0.008099095782863051	2.991936047056547	-0.002540469764242815	-0.002330331042852456	6.269399070494205	-3.400549000000000	344.0200000000000	3805296331.750118
0.1523555125240694	-0.03889721010736525	-0.003268646116932576	2.325730124122685	2.593710991935201	0.2068371655777020	-0.008128332474666785	2.991925083285380	-0.002549606230405226	-0.002361395027768230	6.260785116838948	-3.400562000000000	344.2600000000000	3805296334.744757
0.1535204118078365	-0.03893558326647572	-0.003357269838534333	2.326027972838461	2.594286589066126	0.2088508423742019	-0.008108232249035920	2.991981729436376	-0.002565138222852356	-0.002358654087925774	6.257785582585621	-3.400572000000000	344.2700000000000	3805296337.748594
0.1547922077305846	-0.03911100342233910	-0.003366406304659022	2.323639700485499	2.593512730289489	0.2080861202931654	-0.008044276985693597	2.992043857473022	-0.002509405779357955	-0.002371445140540655	6.248132802016910	-3.413055000000000	348.9600000000000	3805296340.744904
0.1561873459287808	-0.03941798869524775	-0.003157181229718298	2.323474330192650	2.593263304218504	0.2076557928055986	-0.008085391083576395	2.991974420255538	-0.002528592358256772	-0.002333985629368904	6.241463110027493	-3.413066000000000	348.9200000000000	3805296343.747883
0.1593184124625273	-0.03973045584798714	-0.002587065742057978	2.322440995716692	2.593241376761457	0.2078229901132724	-0.008094527549764448	2.991960715541670	-0.002520369538750375	-0.002328503749666242	6.233874279895416	-3.413076000000000	348.9100000000000	3805296346.747780
0.1645462976819554	-0.04043213647217415	-0.002091869276799884	2.322980047209159	2.592413612633164	0.2100614239163947	-0.008141123527355573	2.991965283779574	-0.002518542245524376	-0.002339467509021853	6.230057937162596	-3.413090000000000	349.0400000000000	3805296349.747216
0.1740537030088366	-0.04189579840085481	-0.001186445482468843	2.320546092517471	2.592492186448517	0.2078860317162185	-0.008131987061154592	2.991998175093081	-0.002486564613989729	-0.002349517621792670	6.226807147803643	-3.413102000000000	348.9300000000000	3805296352.749612
0.1974165569682055	-0.04640190368091351	0.001526171309871838	2.321610490611613	2.593411314902635	0.2085685256380869	-0.008091786609895566	2.991990865912328	-0.002530419651502634	-0.002290130591834214	6.224992626327079	-3.425735000000000	354.1300000000000	3805296355.748410
0.4950843550728932	-0.1871692956074829	0.04221816254980608	2.320764453743170	2.593284318256963	0.2072199834678263	-0.008112800482166688	2.991978074845985	-0.002513060365809095	-0.002367790554096223	6.225487827994181	-3.425747000000000	354.1900000000000	3805296358.750155
2.669730312790346	-1.007926036077683	0.3177118123871662	2.318518710272116	2.593298936482976	0.2081564710611666	-0.008069859091019023	2.991974420255533	-0.002508492132746327	-0.002344035742123872	6.227440311713944	-3.425757000000000	354.3000000000000	3805296361.749024
3.696087448042872	-0.5177606107107029	0.4148296817926665	2.319055934497265	2.593975035468719	0.2084725927396873	-0.008127418828044096	2.992006397921476	-0.002569706455940147	-0.002311144463949884	6.231221021745589	-3.425766000000000	354.1800000000000	3805296364.748531
3.788889501115115	0.6231401013593081	0.3831288943977906	2.319703709773369	2.592408131191008	0.2070208085602712	-0.008131073414534598	2.991955233656023	-0.002560569989760540	-0.002332158336060432	6.233726267593951	-3.425775000000000	354.3400000000000	3805296367.749428
3.407200155222954	1.505649267368533	0.3010797942160678	2.318903355329903	2.594467491378451	0.2077453301767855	-0.008230660896046226	2.991865696191451	-0.002560569989783922	-0.002338553862401611	6.235243850743766	-3.438107000000000	359.7300000000000	3805296370.744626
1.188239460342894	0.5592954167670275	0.08161368861791821	2.318535155559944	2.593476184331254	0.2074036264005732	-0.008283652399977007	2.991877573610287	-0.002534074237976094	-0.002346776681928705	6.237337951325165	-3.438117000000000	359.7300000000000	3805296373.745712
0.3054232681924947	0.03798797885092083	0.006394080430590381	2.317281632461758	2.593615972242749	0.2078979091226631	-0.008110973188903983	2.991923255990155	-0.002560569989804062	-0.002344035742107477	6.240143790114734	-3.438127000000000	359.7900000000000	3805296376.743882
0.1894586962280999	-0.02635740998786589	-0.002113796795785394	2.318034477069416	2.595403979371185	0.2077672576864094	-0.008174014805641968	2.991909551276197	-0.002541383410870321	-0.002336726569172943	6.234877474558276	-3.438136000000000	359.9100000000000	3805296379.743509
0.1698481882453990	-0.03478214562617325	-0.003088657733682810	2.316454782120384	2.594512259958718	0.2071880058348744	-0.008112800482144501	2.991944269884869	-0.002532246944723509	-0.002306576230899179	6.232742259682473	-3.438147000000000	359.7600000000000	3805296382.744802
0.1622448221746223	-0.03698860226754998	-0.003370974537735137	2.314484959809049	2.593802356403772	0.2078101990553997	-0.008161223752983194	2.991977161198342	-0.002530419651500214	-0.002302007997807906	6.236853713416113	-3.450781000000000	365.7700000000000	3805296385.745322
0.1578584053665232	-0.03797808158278378	-0.003329860440182296	2.315623363534567	2.593794133518014	0.2075909239160127	-0.008127418828053547	2.991945183532510	-0.002545951643961870	-0.002280994125685266	6.237869699287003	-3.450796000000000	365.9500000000000	3805296388.749571
0.1552782676661948	-0.03849794652350857	-0.003784856454830629	2.315838984027854	2.596645625965192	0.2075717373410067	-0.008047017925541983	2.992022843578170	-0.002543210704113226	-0.002295612471496567	6.239882484412608	-3.450807000000000	366.0600000000000	3805296391.744398
0.1539717531771361	-0.03909547142935334	-0.003706282845855008	2.309826274553222	2.598479315387300	0.2068152380649742	-0.008224265369717106	2.991883055495829	-0.002559656343178178	-0.002317539990238662	6.238493726563352	-3.450817000000000	366.0500000000000	3805296394.745097
0.1531613487345968	-0.03936591083636503	-0.003423052394868069	2.313896570882521	2.594816504502166	0.2083163591879533	-0.008160310106371849	2.991957974598769	-0.002514887659047178	-0.002324849163191728	6.237235621811057	-3.450827000000000	366.0000000000000	3805296397.743804
0.1521526830016317	-0.03972680126141082	-0.003422138748243307	2.313241486345464	2.593999704263489	0.2082688495906859	-0.008093613903142284	2.992001829683494	-0.002511233072558933	-0.002394286305918854	6.242786998220024	-3.463409000000000	372.4900000000000	3805296400.745034
0.1513313147999871	-0.03955320839873411	-0.003532689988745711	2.313101698123079	2.597667083197976	0.2074246402693484	-0.008061636271447755	2.992003656978683	-0.002545037997338675	-0.002312971757169415	6.238041466704640	-3.463419000000000	372.4300000000000	3805296403.750202
0.1502120978392331	-0.03933758779039215	-0.003884443935827843	2.313688259370022	2.597754793315929	0.2073615986463494	-0.008051586158630299	2.991970765665137	-0.002577015628839740	-0.002375099727010071	6.239002633240490	-3.463429000000000	372.5900000000000	3805296406.748717
0.1494747851143594	-0.03892553315334173	-0.003912766980991503	2.313730287148356	2.597242237470326	0.2067549373951964	-0.008072600030871437	2.992017361692699	-0.002545951643951919	-0.002310230817348706	6.242561325017712	-3.463438000000000	372.5100000000000	3805296409.749443
0.1492180504479640	-0.03897669736547930	-0.003824143259103961	2.311395005956049	2.595853494023026	0.2079408504908348	-0.008099095782855741	2.992003656978677	-0.002534987884573762	-0.002303835291082801	6.245293157738540	-3.463446000000000	372.6000000000000	3805296412.749400
0.1487968594115256	-0.03897852465881230	-0.004077223372074145	2.311739450904625	2.597905545293362	0.2077526393164177	-0.008117368715233393	2.991951579065672	-0.002529506004904704	-0.002305662584287264	6.244268948917838	-3.476147000000000	379.8300000000000	3805296415.749535
0.1487137175800574	-0.03893284232657545	-0.004051641266508149	2.310199042144919	2.597737434471361	0.2075050411531921	-0.008155741873247307	2.991920515047444	-0.002486564613965543	-0.002281907772298521	6.244679180638142	-3.476161000000000	379.9100000000000	3805296418.744370
0.1485967708280459	-0.03893558326648401	-0.004071741492076567	2.309516548344642	2.595794106575810	0.2088755108362721	-0.008153914580030024	2.991923255990066	-0.002494787433521387	-0.002333071982699773	6.247829468058946	-3.476169000000000	379.8900000000000	3805296421.749372
0.1487347314495825	-0.03884695954193677	-0.003946571906035477	2.309292704936080	2.597182850443692	0.2081582983573294	-0.008118282361854452	2.991937874351693	-0.002551433523638175	-0.002340381155650147	6.242696546257965	-3.476176000000000	379.9900000000000	3805296424.744525
0.1487301632170843	-0.03889721010736882	-0.003996822469659469	2.310067477285159	2.596424523265656	0.2075041275091038	-0.008128332474661378	2.991984470379125	-0.002545951643940361	-0.002311144463992336	6.241905319693817	-3.476185000000000	380.0200000000000	3805296427.749259
0.1487374723890873	-0.03890451928052772	-0.003944744612610117	2.306325179922325	2.593164630462101	0.2080230786805266	-0.008118282361846352	2.991962542836838	-0.002528592358267796	-0.002285562358788886	6.236878382175139	-3.488562000000000	387.5800000000000	3805296430.750437
0.1487274222775782	-0.03886705976811689	-0.004075396078390673	2.308411949327182	2.595833393556965	0.2089020065827658	-0.008057068038356978	2.991991779560013	-0.002534987884561671	-0.002319367283509504	6.236012235776386	-3.488570000000000	387.7300000000000	3805296433.743949
0.1487128039335859	-0.03885152777511280	-0.004199652018177721	2.308828572205575	2.595874507761945	0.2077416755744155	-0.008033313226294504	2.992006397921599	-0.002513974012430149	-0.002287389651991492	6.242373111862701	-3.488578000000000	387.8100000000000	3805296436.746832
0.1487255949845983	-0.03895751078590929	-0.004311116905814398	2.308824004346535	2.598272831342182	0.2085036567235044	-0.008047931572164648	2.992034720997016	-0.002482910027517610	-0.002321194576717750	6.247916265430155	-3.488588000000000	387.9300000000000	3805296439.749123
0.1487941184720916	-0.03895751078590735	-0.004291930326611221	2.303957007582355	2.592105713920736	0.2078814635005786	-0.008103664015933536	2.991962542836836	-0.002513974012435508	-0.002333071982708084	6.242457168154003	-3.488595000000000	387.7600000000000	3805296442.746992
0.1487365587425896	-0.03889172822748145	-0.004093669010739360	2.304233842821326	2.593634245262689	0.2076155923812051	-0.008123764241593331	2.991952492713282	-0.002514887659014390	-0.002324849163214573	6.242104496795438	-3.500889000000000	396.3600000000000	3805296445.747077
0.1487438679145807	-0.03896116537250485	-0.004121992055864873	2.303904930049734	2.593552930156115	0.2088307421605760	-0.008138382587511289	2.991945183532557	-0.002546865290561417	-0.002330331042868337	6.243272149695461	-3.500897000000000	396.4700000000000	3805296448.748303
0.1487356450960918	-0.03889538281403671	-0.004054382206160316	2.303382323908095	2.594537841791285	0.2076457427202283	-0.008067118151196897	2.991934219761463	-0.002532246944711686	-0.002321194576769326	6.244947795670199	-3.500899000000000	396.4500000000000	3805296451.750660
0.1489814160045345	-0.03887710988114031	-0.004121992055933565	2.301208758473087	2.594830208817041	0.2076950796171335	-0.008045190632314967	2.991930565171001	-0.002534074237958085	-0.002317539990236249	6.244933177108231	-3.500910000000000	396.3900000000000	3805296454.744997
0.1491303403840343	-0.03883873672211095	-0.004135696755191592	2.303870211071992	2.595237695950748	0.2082039806604017	-0.008089959316657989	2.991948838122852	-0.002534074237962114	-0.002342208448887427	6.249505113992691	-3.500915000000000	396.5900000000000	3805296457.749351
0.1493349971999262	-0.03896756089909013	-0.004160365213861474	2.300057563351845	2.594020717736779	0.2077727395683290	-0.008052499805258668	2.991969852017537	-0.002531333298125848	-0.002339467509017824	6.252244256074690	-3.513423000000000	406.0100000000000	3805296460.744813
0.1499736361030219	-0.03932571038396184	-0.004090014424571120	2.300108727544257	2.594396226883025	0.2080696746618687	-0.008062549918088014	2.991978988493570	-0.002520369538721618	-0.002325762809859503	6.256619756843292	-3.513427000000000	406.1400000000000	3805296463.749258
0.1505876065502558	-0.03935129249006113	-0.003773892695565183	2.300711734393399	2.596203420561293	0.2082624540774139	-0.008075340970749226	2.991957974598864	-0.002521283185341036	-0.002351344915004393	6.253098524787716	-3.513437000000000	406.1700000000000	3805296466.744965
0.1512975098795645	-0.03971492385505261	-0.003732778597542693	2.301568734982193	2.595703655731127	0.2079043046615581	-0.008115541421990984	2.991974420255540	-0.002526765065020047	-0.002318453636853516	6.249499632075586	-3.513444000000000	406.1700000000000	3805296469.749759
0.1519809174600882	-0.03978984287999754	-0.003178195101934769	2.299770678347695	2.596825614408059	0.2082085489071113	-0.008121936948337946	2.991955233656002	-0.002534987884550638	-0.002342208448889019	6.244924040542243	-3.513450000000000	406.2000000000000	3805296472.744837
0.1524505317598373	-0.03967746434252773	-0.003163576756344492	2.297871206747196	2.595104303294770	0.2078851180909990	-0.008124677888207622	2.991975333903188	-0.002541383410894515	-0.002320280930114972	6.243231948793478	-3.526233000000000	417.3400000000000	3805296475.746596
0.1531074435913294	-0.03966193234958590	-0.003270473410119050	2.299728650700960	2.596601770911526	0.2086936951989241	-0.008094527549780097	2.992054821244159	-0.002529506004902280	-0.002319367283481021	6.240063388399903	-3.526241000000000	417.3300000000000	3805296478.745518
0.1536072082250984	-0.03937139271623599	-0.003561013033881248	2.299227058140634	2.595797761850148	0.2081573847314240	-0.008068945444443068	2.991981729436389	-0.002561483636396359	-0.002346776681928985	6.238473626256853	-3.526250000000000	417.3400000000000	3805296481.750910
0.1541700144668596	-0.03889903740066594	-0.003654204988694523	2.298281434185025	2.597714592529312	0.2086507538108331	-0.008110059542285632	2.991942442589690	-0.002565138222859609	-0.002317539990300459	6.236465409425463	-3.526256000000000	417.3700000000000	3805296484.750062
0.1550800063767393	-0.03851165122319589	-0.003516244350075170	2.298218392457752	2.594834777580808	0.2067220461305191	-0.008102750369346521	2.991986297674400	-0.002531333298123150	-0.002314799050399963	6.233559982116423	-3.526260000000000	417.3800000000000	3805296487.749685
0.1567437566439918	-0.03815350173854662	-0.003305191981533982	2.297941557360167	2.596707754035239	0.2077160934818780	-0.008164878339470464	2.991948838122859	-0.002504837546266692	-0.002282821418917688	6.231305078159204	-3.538595000000000	429.6500000000000	3805296490.745001
0.1600118701501862	-0.03774966992176557	-0.003343565139243221	2.297024256241392	2.597363752056914	0.2097498704808916	-0.008052499805267040	2.991997261445513	-0.002556915403338151	-0.002289216945183881	6.230671914232070	-3.538601000000000	429.4300000000000	3805296493.745237
0.1642584990386098	-0.03686800091060526	-0.003437670740757754	2.297936989124622	2.597887272193499	0.2078924272538962	-0.008064377211305575	2.992011879807061	-0.002487478260593847	-0.002312058110591617	6.226819938993990	-3.538607000000000	429.6800000000000	3805296496.749178
0.1701716191028706	-0.03531114703158725	-0.002951610741328652	2.297408901434228	2.597466994536687	0.2077179207809274	-0.008195028677912310	2.991944269884822	-0.002532246944731305	-0.002311144463948524	6.223273125052360	-3.538611000000000	429.4700000000000	3805296499.745473
0.1794670584076289	-0.03221297127329492	-0.002598029501487311	2.297308400229503	2.598151316337983	0.2089120567009570	-0.008091786609900677	2.991960715541595	-0.002544124350745825	-0.002369617847317644	6.221567328706000	-3.538618000000000	429.6000000000000	3805296502.750043
0.1973882339550614	-0.02572790744856317	-0.002103746682713823	2.298210169281309	2.595287947149798	0.2060313293917638	-0.008029658639786462	2.991998175093136	-0.002561483636384811	-0.002323935516564241	6.223487834227966	-3.550964000000000	443.2900000000000	3805296505.749521
0.2851585904519862	0.02270997994197216	0.002491895763606496	2.296982228278273	2.598270090709769	0.2071048639950693	-0.008098182136228193	2.991968938370098	-0.002487478260594103	-0.002333985629357898	6.225699796251924	-3.550967000000000	443.3500000000000	3805296508.749977
1.827137822772173	1.022724198482586	0.1348052749727211	2.294936573038119	2.597198382942228	0.2081363708333824	-0.008100009429502215	2.991909551276336	-0.002522196831958064	-0.002302921644423305	6.232034175971990	-3.550969000000000	443.4200000000000	3805296511.749102
3.486614350001598	1.570484346067064	0.3088293435306949	2.296495254373335	2.596938907053118	0.2076658429467487	-0.008047017925542783	2.991963456484469	-0.002512146719203916	-0.002330331042862944	6.230889364502475	-3.550972000000000	443.4700000000000	3805296514.745402
3.778949000328662	0.8781725822389309	0.3722290933322834	2.293802737577720	2.595154554041576	0.2076795476086899	-0.008119196008479573	2.992032893701777	-0.002531333298127981	-0.002325762809768710	6.237283131906564	-3.550983000000000	443.4800000000000	3805296517.750166
3.836102316501763	-0.06493891722315559	0.4139754224392920	2.294834244805938	2.595858062111979	0.2079088728849464	-0.008091786609892576	2.991996347797892	-0.002519455892107821	-0.002323021869934056	6.239763709053429	-3.563456000000000	459.4800000000000	3805296520.746090
3.766041885964334	-0.9813645001822392	0.4391646519116347	2.294412139907689	2.595832479977901	0.2073305346753013	-0.008141123527342866	2.991961629189274	-0.002479255441058141	-0.002340381155609845	6.239629401524299	-3.563460000000000	459.4900000000000	3805296523.750405
2.350341335467494	-0.9619385433758464	0.2810800721158614	2.295663835972941	2.596561570206998	0.2078394357497214	-0.008000421947974583	2.992007311569221	-0.002568792809333604	-0.002326676456421184	6.238593317382442	-3.563468000000000	459.6400000000000	3805296526.747172
0.5990755855688978	-0.2216018926874941	0.05474517116949773	2.292951218795387	2.592642024305988	0.2072473928425897	-0.008085391083561299	2.992017361692728	-0.002549606230423487	-0.002313885403792629	6.242525692666897	-3.563472000000000	459.5900000000000	3805296529.745518
0.2453391403152335	-0.06509237346874527	0.007480406254213668	2.304914509108038	2.610639044114933	0.2084433560865386	-0.008146605407070382	2.991887623733973	-0.002533160591336762	-0.002349517621813880	6.239439361110200	-3.563479000000000	459.7700000000000	3805296532.745669
0.1889077674265465	-0.04469247079419395	-0.000009668644499626646	2.294267783652740	2.594861272962690	0.2080431789199866	-0.008071686384264682	2.991988124969577	-0.002545951643957568	-0.002331244689477830	6.244112713645091	-3.576193000000000	478.8900000000000	3805296535.751116
0.1732378167020476	-0.04184737512848564	-0.001598500104998366	2.283546139588796	2.585059667867455	0.2060980256007718	-0.008137468940862900	2.991924169637699	-0.002551433523639255	-0.002310230817336370	6.248014026652168	-3.576196000000000	478.8500000000000	3805296538.746893
0.1660921875410045	-0.04082500453019453	-0.002364135968074993	2.292221214947995	2.594560683154265	0.2086087260612249	-0.008093613903139582	2.991989952264651	-0.002524024125193716	-0.002328503749652821	6.249213657495662	-3.576202000000000	478.7100000000000	3805296541.749866
0.1613777716552908	-0.04028595300879015	-0.002967142733805011	2.294661565004813	2.590599109213863	0.2056832301205979	-0.008070772737667899	2.991972592960499	-0.002565138222848588	-0.002290130591860015	6.251952799683165	-3.576208000000000	478.8700000000000	3805296544.749894
0.1582019364482455	-0.03993419905004097	-0.003320723973959167	2.289489411201580	2.593910166339717	0.2083848826733050	-0.008153914580026782	2.991955233656093	-0.002505751192889070	-0.002311144463992070	6.254555806853618	-3.576211000000000	478.8400000000000	3805296547.745625
0.1557159043374319	-0.03941981598847070	-0.003101448786268902	2.290543759839583	2.591253281308204	0.2071277051491860	-0.008123764241609013	2.991922342342639	-0.002492046493678408	-0.002289216945239242	6.254566770754950	-3.588465000000000	501.0000000000000	3805296550.745915
0.1537150185115240	-0.03927820075842153	-0.003690750853257570	2.288233146901508	2.591690004031925	0.2081372844848429	-0.008256243001460797	2.991859300658349	-0.002469205328305856	-0.002325762809806878	6.258821669063510	-3.588467000000000	501.1700000000000	3805296553.751637
0.1520704548167939	-0.03939240658910559	-0.003848811717855621	2.289557934641474	2.592822926257108	0.2069038617846695	-0.008104577662570559	2.991949751770417	-0.002521283185336474	-0.002322108223335027	6.260779634878890	-3.588470000000000	501.1700000000000	3805296556.750488
0.1510508253250584	-0.03933576049706115	-0.003936521792977274	2.290218501145958	2.592348743834266	0.2074547905838543	-0.008110059542290474	2.991963456484442	-0.002552347170261913	-0.002317539990246714	6.261853181329604	-3.588473000000000	501.1900000000000	3805296559.748048
0.1508900235413370	-0.03930561015779233	-0.004182292732665798	2.287508625254193	2.593911079837142	0.2085520799754391	-0.008048845218801105	2.991967111074799	-0.002576101982249337	-0.002374186080350874	6.257389055667549	-3.588477000000000	501.2200000000000	3805296562.746156
0.1504395958174703	-0.03936316989644050	-0.004113769236324157	2.287970016966629	2.594212583241709	0.2086498401448273	-0.008099095782862508	2.991951579065629	-0.002542297057496202	-0.002302921644413901	6.258957803800302	-3.600858000000000	528.4700000000000	3805296565.751653
0.1496008683312968	-0.03931566027085731	-0.004130214875543032	2.287279299592576	2.590996546105164	0.2089221068104308	-0.008109145895665101	2.991952492713323	-0.002575188335626661	-0.002377840666818686	6.262072458875554	-3.600862000000000	528.6200000000000	3805296568.745429
0.1492482007824914	-0.03929647369132353	-0.004139351341850552	2.289101111361722	2.591590416440317	0.2078129400080991	-0.008100009429461409	2.991978988493514	-0.002518542245473591	-0.002332158336106642	6.260505537873562	-3.600870000000000	528.5100000000000	3805296571.749277
0.1492454598429797	-0.03935403343001288	-0.004050727619861474	2.288742961840837	2.589819768699604	0.2072190698372519	-0.008083563790308342	2.991974420255559	-0.002495701080129543	-0.002337640215776518	6.262278031590818	-3.600872000000000	528.7000000000000	3805296574.748153
0.1493222061489588	-0.03892187856681249	-0.004157624274030687	2.288386639645643	2.590486731152377	0.2080970840747059	-0.008033313226269117	2.992015534397471	-0.002524937771813963	-0.002323935516565309	6.265414614326456	-3.600879000000000	528.7400000000000	3805296577.746271
0.1496712191117462	-0.03889446916742909	-0.004235284236351424	2.288530995894348	2.592737043752469	0.2081445936899186	-0.008065290857927185	2.992010052511853	-0.002568792809329563	-0.002343122095491804	6.265243761530018	-3.613391000000000	563.6000000000000	3805296580.745517
0.1499992182049333	-0.03849794652353491	-0.004100064537271252	2.283165148509076	2.590663064452253	0.2093168020483250	-0.008183151271839986	2.991904069390633	-0.002546865290561143	-0.002323021869984293	6.268287150348742	-3.613394000000000	563.7300000000000	3805296583.745103
0.1502861032056807	-0.03847693265071322	-0.004279139273957283	2.286192973893665	2.594244561322116	0.2083227547324393	-0.008002249241192987	2.991985384026684	-0.002553260816871419	-0.002335812922550014	6.268827121470888	-3.613399000000000	563.7800000000000	3805296586.746096
0.1501262150683498	-0.03847053712420461	-0.004175897206345977	2.265860679638057	2.581852766165718	0.2093496933250956	-0.008119196008489586	2.991941528942044	-0.002530419651503972	-0.002280994125698159	6.268293546054140	-3.613405000000000	563.8300000000000	3805296589.751664
0.1500266275999667	-0.03843490490502277	-0.004189601905526081	2.291990062468943	2.592131295931912	0.2050418502943402	-0.008053413451905116	2.992030152759039	-0.002532246944731040	-0.002311144463984823	6.269335114487945	-3.613409000000000	563.9299999999999	3805296592.750599
0.1503299582376364	-0.03846688253760728	-0.004108287356572963	2.285339627985362	2.593006569617556	0.2081491618966425	-0.008118282361861762	2.991973506608050	-0.002518542245502072	-0.002277339539258307	6.272313634856640	-3.626184000000000	610.1000000000000	3805296595.750270
0.1504405094639780	-0.03847236441748524	-0.004243507055932154	2.281249230959407	2.586436533385417	0.2077827896788847	-0.008075340970748152	2.991950665418080	-0.002517628598909522	-0.002290130591832342	6.276941305243141	-3.626189000000000	610.3500000000000	3805296598.750370
0.1501919976162724	-0.03848332817722695	-0.004192342845456003	2.283172457481064	2.589245084564068	0.2075278823006041	-0.008059808978199684	2.991951579065590	-0.002513974012464796	-0.002287389651984234	6.278380314266183	-3.626196000000000	610.4900000000000	3805296601.750896
0.1504916736679300	-0.03840109997922996	-0.004111941943569198	2.286203024068287	2.595111612110752	0.2087804915917571	-0.008075340970762467	2.991952492713227	-0.002492960140278214	-0.002308403524127317	6.277467571403848	-3.626200000000000	610.6600000000000	3805296604.751660
0.1500458141764447	-0.03892827409331013	-0.004225234123633704	2.280412330790755	2.586226394798349	0.2070546134432613	-0.008100009429475710	2.991959801894042	-0.002521283185362543	-0.002319367283504109	6.280492688395758	-3.626207000000000	610.7200000000000	3805296607.751297
0.1496456370097809	-0.03893375597319276	-0.004135696755082182	2.296396580636983	2.605299690372137	0.2075763055545085	-0.008102750369333282	2.991901328447848	-0.002521283185336475	-0.002321194576724740	6.280481724526506	-3.638712000000000	665.4900000000000	3805296610.745652
0.1495899045733018	-0.03886705976808326	-0.004158537920559942	2.281308618089596	2.589698253555798	0.2086068987794410	-0.008078081910605698	2.991916860456946	-0.002551433523629586	-0.002319367283500627	6.278751258897659	-3.638718000000000	665.7600000000000	3805296613.745923
0.1496456370097691	-0.03933850143706218	-0.004174983559702486	2.291586230189415	2.593400351663400	0.2060733571652199	-0.008124677888207359	2.991954320008462	-0.002514887659034534	-0.002326676456404560	6.280428732421361	-3.638721000000000	666.0800000000000	3805296616.751364
0.1495734589363285	-0.03930378286448132	-0.004064432319220060	2.280045958394115	2.587321857679214	0.2082715905334848	-0.008111886835560196	2.991925083285420	-0.002528592358269947	-0.002318453636882271	6.276944046189899	-3.638727000000000	666.3000000000000	3805296619.750871
0.1493642338879219	-0.03936773812967681	-0.004164933446983548	2.280417812802406	2.588520562551545	0.2079326276846027	-0.008080822850478626	2.991945183532523	-0.002520369538721877	-0.002328503749616555	6.275225458236117	-3.638730000000000	666.3800000000000	3805296622.746637
0.1491778500020204	-0.03933667414373135	-0.004089100777614717	2.280197623470089	2.586535207614890	0.2085740074930047	-0.008068031797806345	2.991942442589798	-0.002501182959818764	-0.002299267057960879	6.275473972816326	-3.651067000000000	738.8800000000000	3805296625.747415
0.1492500280754891	-0.03933301955713110	-0.004200565664983199	2.280710179432067	2.589890119291371	0.2083492504698407	-0.008087218376778308	2.991983556731527	-0.002538642471049640	-0.002343122095451229	6.275481282116515	-3.651071000000000	739.7000000000000	3805296628.751040
0.1491614043649860	-0.03931657391753736	-0.004171328973356138	2.278197650939030	2.589447000509854	0.2081363708539745	-0.008057981684983197	2.991958888246403	-0.002535901531185668	-0.002330331042912906	6.267396335372579	-3.651076000000000	740.0000000000000	3805296631.751854
0.1495213810858346	-0.03931383297763223	-0.004187774612199887	2.273884324926021	2.587093445641091	0.2082450947924780	-0.008080822850479971	2.991941528942168	-0.002530419651493777	-0.002346776681953714	6.261140529171064	-3.651079000000000	740.2900000000000	3805296634.752043
0.1496812692232521	-0.03931840121081996	-0.004036109273877686	2.278255210685435	2.592507717847209	0.2082734177996449	-0.008127418828045990	2.991941528942116	-0.002513060365799953	-0.002314799050441884	6.254721178765034	-3.651086000000000	740.6600000000000	3805296637.747563
0.1503299582376137	-0.03931383297759638	-0.004173156266450141	2.276791548473227	2.586851329506191	0.2076567064816813	-0.008074427324128166	2.991922342342491	-0.002504837546274471	-0.002321194576719082	6.258169318231844	-3.663480000000000	829.3099999999999	3805296640.750901
0.1509156056432814	-0.03935860166322590	-0.004170415326651200	2.276771448460777	2.589612370651561	0.2083629551629578	-0.008147519053691460	2.991964370132033	-0.002465550741845588	-0.002301094351224186	6.262766837809222	-3.663485000000000	829.9900000000000	3805296643.752003
0.1505044647189290	-0.03927180523190737	-0.003838761604929260	2.275285858902573	2.588664005216573	0.2082323037332600	-0.008028744993169443	2.991956147303650	-0.002523110478588238	-0.002350431268420164	6.265329644232871	-3.663491000000000	830.2700000000000	3805296646.752527
0.1505729882063170	-0.03936956542296255	-0.004163106153726055	2.275622080930903	2.588297632651460	0.2079965829381479	-0.008135641647644003	2.991953406360913	-0.002571533749159118	-0.002291957885023396	6.266087979227117	-3.663498000000000	830.8700000000000	3805296649.752508
0.1508717506113453	-0.03929830098465063	-0.004033368334345593	2.270226083412000	2.583186690947660	0.2074575315101840	-0.008071686384283872	2.991953406360876	-0.002520369538741225	-0.002292871531704347	6.269023557633052	-3.663501000000000	830.8500000000000	3805296652.751727
0.1512372092106956	-0.03934124237702111	-0.004100978184115810	2.274159330937647	2.605910918648239	0.2143902808664098	-0.008089959316660709	2.991946097180100	-0.002506664839510118	-0.002296526118132409	6.266248782728280	-3.676027000000000	924.0300000000000	3805296655.746871
0.1520329953104563	-0.03932845132394366	-0.003786683747967100	2.294744707020536	2.612470907325312	0.2106982355723674	-0.008130159767928351	2.992006397921491	-0.002462809802007951	-0.002323021869953644	6.259196268245939	-3.676035000000000	925.0800000000000	3805296658.747525
0.1528397451676210	-0.03936042895652794	-0.003698060026065951	2.269344414045740	2.582972897512008	0.2083053954502372	-0.008077168263988695	2.991963456484429	-0.002506664839495611	-0.002338553862409932	6.257758172870299	-3.676040000000000	925.4100000000000	3805296661.752141
0.1538749066485050	-0.03932845132394591	-0.003803129387060180	2.262572463972755	2.573777952976015	0.2087174499957555	-0.008063463564703702	2.991946097180083	-0.002542297057480893	-0.002344949388688234	6.256926745418091	-3.676046000000000	926.0599999999999	3805296664.747841
0.1549201182399888	-0.03929281910477135	-0.003254941417638314	2.304948314076711	2.608065299612305	0.1993233370303172	-0.008121023301707121	2.991997261445526	-0.002512146719194496	-0.002316626343662462	6.260892928276175	-3.676051000000000	926.4800000000000	3805296667.747231
0.1560685718845247	-0.03952123076613812	-0.003458684612834547	2.254862199994385	2.582378112934179	0.2119225217740433	-0.008095441196397124	2.991976247550814	-0.002545951643959444	-0.002291044238463324	6.265601000269875	-3.688641000000000	1044.900000000000	3805296670.747750
0.1583590836450304	-0.03987663931135185	-0.003222050139319823	2.257804143207012	2.572705332453490	0.2066937230652285	-0.008106404955822162	2.991922342342533	-0.002495701080131156	-0.002318453636845470	6.266612418079342	-3.688649000000000	1046.200000000000	3805296673.752002
0.1622329447705844	-0.04036361297372264	-0.003020134237498722	2.273823110329189	2.589396749888924	0.2067357508299752	-0.008116455068611772	2.991967111074755	-0.002502096606444910	-0.002322108223354363	6.267315019911361	-3.688653000000000	1046.700000000000	3805296676.750071
0.1683498080097219	-0.04100133833308724	-0.002235311795172998	2.268518477404568	2.585915754866848	0.2082204263305764	-0.008044276985691989	2.992011879807076	-0.002542297057496207	-0.002348603975132127	6.269350646665834	-3.688658000000000	1047.500000000000	3805296679.753051
0.1816707737046522	-0.04296750591915707	-0.0007999729646888001	2.264948859649891	2.576001771162138	0.2051962565632193	-0.008184064918480800	2.991939701646895	-0.002544124350722447	-0.002297439764748622	6.272579508837746	-3.688665000000000	1047.800000000000	3805296682.748558
0.2288679223123758	-0.05640085273176539	0.005369882590449222	2.273826765567575	2.599974956526940	0.2102605989056334	-0.008107318602429157	2.991957060951180	-0.002517628598906828	-0.002319367283474307	6.271465761516024	-3.701188000000000	1089.700000000000	3805296685.752322
1.454528133327474	-0.6158360933155126	0.1667098084859970	2.280855449543277	2.602472867371533	0.2093908074756321	-0.008105491309222137	2.991988124969578	-0.002532246944731026	-0.002300180704589182	6.269141419223801	-3.701194000000000	1143.900000000000	3805296688.751845
3.431732429491294	-0.8741488436774875	0.3982113682864319	2.270668288262718	2.590663978703100	0.2079719144631209	-0.008242538302165009	2.991830977583066	-0.002490219200430372	-0.002299267057965724	6.267696014662145	-3.701199000000000	1144.600000000000	3805296691.752650
3.789237601588300	0.2022935515574954	0.3992090702058889	2.271022783197186	2.589971433910595	0.2082788997100192	-0.008223351723159567	2.991911378571389	-0.002536815177796786	-0.002282821418912566	6.271394496353984	-3.701206000000000	1145.100000000000	3805296694.747295
3.575547111681718	1.360558592864349	0.3279629260062822	2.275045569565341	2.594229029324570	0.2078896862817959	-0.008122850594968450	2.991922342342540	-0.002494787433492095	-0.002311144463950146	6.273887865029798	-3.701211000000000	1145.600000000000	3805296697.749968
1.400093961636450	0.6544324884470317	0.1025078709438967	2.271732686779341	2.590705092219233	0.2080705883043457	-0.008078995557268650	2.991960715541662	-0.002506664839521944	-0.002301094351195990	6.277599137978050	-3.713629000000000	1259.200000000000	3805296700.746487
0.3301246111817958	0.05085851781058193	0.008937672573733275	2.272555882300616	2.591696399719262	0.2087960236007157	-0.008269034054123096	2.991862041601199	-0.002513974012437959	-0.002290130591803060	6.282471668545874	-3.713634000000000	1262.300000000000	3805296703.751706
0.1887040242294299	-0.02674479616512470	-0.002038877773453914	2.271465901970615	2.591108924738291	0.2076594473989825	-0.008107318602438617	2.991935133408899	-0.002544124350733208	-0.002328503749679944	6.285796464816460	-3.713635000000000	1263.400000000000	3805296706.752936
0.1672963736092738	-0.03588857170968827	-0.003141649237400045	2.271418392489671	2.591017559981013	0.2084333059279691	-0.008078081910645947	2.991921428694933	-0.002471032621555747	-0.002325762809817085	6.289829345094536	-3.713643000000000	1264.200000000000	3805296709.751903
0.1604056517879783	-0.03789950797140719	-0.003516244349643609	2.263844260707122	2.581923117027783	0.2080386106858567	-0.008208733377219160	2.991894019267124	-0.002485650967370282	-0.002312971757192536	6.291645694460960	-3.713648000000000	1264.800000000000	3805296712.749131
0.1568141074240462	-0.03861946152733165	-0.003721814838067655	2.290859881916314	2.604563292442792	0.2048984078262750	-0.008137468940903708	2.991947924475233	-0.002600770440848914	-0.002291957885088943	6.294199364752133	-3.726112000000000	1401.400000000000	3805296715.748499
0.1552289307555309	-0.03907354390991277	-0.003556444800858866	2.270146595818009	2.591466160357680	0.2094556763336503	-0.008113714128758292	2.991926910580509	-0.002519455892125282	-0.002298353411354610	6.293808319695644	-3.726118000000000	1404.400000000000	3805296718.748110
0.1544559858201145	-0.03962264554381970	-0.003749224236767985	2.268530355029403	2.589298076206382	0.2084990884513791	-0.008192287738096094	2.991939701646954	-0.002519455892148395	-0.002285562358757720	6.293133127391529	-3.726119000000000	1405.900000000000	3805296721.751079
0.1536492359638739	-0.03976334712723969	-0.003735519537458351	2.267671527000456	2.589303558331951	0.2071121731901532	-0.008094527549770109	2.991989038617167	-0.002505751192905479	-0.002333071982707544	6.294293471372635	-3.726122000000000	1407.100000000000	3805296724.749515
0.1527712216803668	-0.03980354757964037	-0.003620400063839846	2.268825463025952	2.589539278853419	0.2077974079987735	-0.008076254617405361	2.991925996932879	-0.002519455892118835	-0.002310230817354916	6.295416355365788	-3.726130000000000	1408.200000000000	3805296727.752039
0.1516172861539207	-0.03948468490029389	-0.003756533409421424	2.266601646710874	2.588414579481246	0.2081674348249606	-0.008117368715521120	2.991985384026714	-0.002562397282984358	-0.002286476005346809	6.295439196855790	-3.738530000000000	3969.200000000000	3805296730.751871
0.1506643528561626	-0.03936956542295027	-0.004113769236230430	2.264822776437366	2.586843106238954	0.2074666679915516	-0.008124677888463844	2.991927824228140	-0.002554174463487889	-0.002326676456463647	6.297061850958907	-3.738540000000000	-407470.0000000000	3805296733.751688
0.1501097694313609	-0.03898674747857406	-0.004181379085892132	2.263826901701573	2.588441074960376	0.2080404379736781	-0.008147519053946126	2.991934219761366	-0.002533160591333000	-0.002334899275928691	6.298096110304968	-3.738541000000000	-407840.0000000000	3805296736.747762
0.1500750508644269	-0.03919231797376552	-0.004156710627198761	2.265382841946906	2.591598639213240	0.2081701757757683	-0.008105491309463411	2.992003656978766	-0.002505751192889343	-0.002290130591807624	6.295693193352181	-3.738547000000000	-400870.0000000000	3805296739.748498
0.1500960647339062	-0.03932022850411839	-0.004138437695120504	2.264100995691047	2.588467570782232	0.2084652835596259	-0.008091786610130684	2.991903155743045	-0.002531333298115909	-0.002294698824952101	6.293284794431313	-3.738552000000000	-408570.0000000000	3805296742.749279
0.1500969783803600	-0.03934215602361430	-0.004145746868046514	2.256827454027526	2.579186744824543	0.2046809599656618	-0.008190460444799350	2.991883055495848	-0.002514887659058997	-0.002289216945197577	6.292430525523035	-2.885582000000000	-64289.00000000000	3805296745.749483
0.1496977148602349	-0.03932662403062404	-0.004136610401714008	2.267805832864528	2.594858531748776	0.2079883601256208	-0.008192287738040958	2.991858387010776	-0.002527678711645122	-0.002280080479049160	6.295872269950627	-1.008791000000000	229.5200000000000	3805296748.752476
0.1500302821859458	-0.03930378286449963	-0.004208788484571410	2.286108918197332	2.608927783417089	0.2055946064089614	-0.008070772737644952	2.991961629189229	-0.002542297057474715	-0.002272771306150895	6.297904242417883	-0.004684000000000000	220.3100000000000	3805296751.753350
