2.148636150022533	1.121616353824398	0.1933800669064255	2.416924869594028	2.493939823660172	0.2033625680365181	-0.008611651536559959	-0.008893968342092613	-0.002449105102766376	-0.002189629464228427	6.188430842720125	0.0001780000000000000	44.25800000000000	3805207292.227715
2.179962352352502	1.121263686399084	0.1972804236816491	2.418212197742825	2.496308909963231	0.2014475650705407	-0.008660074807357017	-0.008894881988756952	-0.002443623223077158	-0.002197852283752567	6.184156758938322	0.0001750000000000000	44.25400000000000	3805207295.227914
2.201506140638611	1.115716940443519	0.2003831670774390	2.415848593407222	2.493849372552610	0.2021711730632537	-0.008607083303505177	-0.008852854244212498	-0.002437227696767449	-0.002255412020480487	6.183800433048006	0.0001550000000000000	44.19700000000000	3805207298.227179
2.221645654413153	1.109343344697047	0.2020715857447176	2.419244618525600	2.498050320588334	0.2014265511713663	-0.008530336987355972	-0.008822703905766054	-0.002419868411105878	-0.002280994125675051	6.183696276330771	0.0001260000000000000	44.20900000000000	3805207301.233571
2.238654101316015	1.101320617599122	0.2052309752133871	2.417243731986890	2.496077757170316	0.2018961654994967	-0.008614392476412677	-0.008859249770584877	-0.002444536869724822	-0.002245361907708845	6.181297015123222	0.00008700000000000000	44.24200000000000	3805207304.231078
2.250933513091417	1.091714541675462	0.2069449759734102	2.417375297397029	2.494388424643014	0.2018550513712525	-0.008567796498766107	-0.008978937477772802	-0.002425350290777899	-0.002265462133234105	6.180517666476517	0.00004500000000000000	44.24400000000000	3805207307.233048
2.257117987728272	1.079272508015577	0.2074922502024818	2.414536596729174	2.493674866058357	0.2012328581349078	-0.008556832739324331	-0.008845545071272307	-0.002459155215529936	-0.002234398148343052	6.184796318402040	-0.1233570000000000	44.73800000000000	3805207310.232240
2.261395681683492	1.067139286765804	0.2095799323645018	2.416677270756914	2.494293404722860	0.2009560232871291	-0.008558660032594844	-0.008783417101068390	-0.002462809801980006	-0.002286476005347073	6.186059904893586	-0.1234030000000000	44.73600000000000	3805207313.228590
2.270057966327222	1.058040284474849	0.2099983824409571	2.407149761845940	2.495810972104103	0.2022040643776950	-0.008571451085278516	-0.008874781763172763	-0.002492046493681626	-0.002284648712137756	6.183861647988998	-0.1234540000000000	44.73300000000000	3805207316.233946
2.277076600548370	1.048923009259756	0.2107868593341562	2.400497498922946	2.500587518017721	0.2028947811258126	-0.008599774130458508	-0.008854681537478995	-0.002494787433515756	-0.002266375779866428	6.186898641279831	-0.1235060000000000	44.73100000000000	3805207319.233590
2.279114032779755	1.039081212623852	0.2122834122331136	2.417660355161146	2.499069950752810	0.2015124339818062	-0.008616219769703124	-0.008923205033984196	-0.002523110478597137	-0.002237139088197342	6.188517640005053	-0.1235580000000000	44.73300000000000	3805207322.232262
2.283213565717007	1.031541804356604	0.2129759562445882	2.419616472885437	2.498185540762003	0.2006627427627473	-0.008565055558983776	-0.008822703905785788	-0.002481996380893338	-0.002290130591833694	6.188870311406118	-0.2487800000000000	45.26600000000000	3805207325.231961
2.286171953881896	1.024575252242007	0.2130938166394704	2.421356970274585	2.500665178429146	0.2001045048063955	-0.008567796498806407	-0.008902191161743374	-0.002477428147830545	-0.002238052734768949	6.185200154468376	-0.2488360000000000	45.27200000000000	3805207328.228849
2.289489405229483	1.018781821819938	0.2142322201234741	2.409263026196967	2.517201274755626	0.1988555500944424	-0.008548609919770916	-0.008951528079160670	-0.002487478260598417	-0.002269116719723417	6.184180514020419	-0.2488940000000000	45.27000000000000	3805207331.228273
2.291435472810545	1.013532924519505	0.2134492251105078	2.420181106606760	2.493707757089203	0.2021812231859393	-0.008528509694149760	-0.008878436349570343	-0.002510319425980366	-0.002247189200929194	6.184401618828750	-0.2489490000000000	45.26800000000000	3805207334.230037
2.291774435755964	1.008455792699668	0.2143500805162741	2.419338724380774	2.494706373132701	0.2043758019356844	-0.008579673904806257	-0.008836408605036762	-0.002484737320732042	-0.002249930140756616	6.186291973516748	-0.2490050000000000	45.26700000000000	3805207337.229426
2.293464682251043	1.004568228204790	0.2148032491570957	2.418401322479887	2.497833786867151	0.2026499238209360	-0.008531250633970843	-0.008813567439639878	-0.002438141343393581	-0.002250843787397528	6.184763426651289	-0.3734730000000000	45.83500000000000	3805207340.233201
2.294256813987419	1.000870702114554	0.2150152151370129	2.420656203446911	2.494184680461622	0.2026398737111058	-0.008582414844734650	-0.008897622928664570	-0.002436314050178907	-0.002255412020483987	6.184773477025137	-0.3735290000000000	45.83600000000000	3805207343.233611
2.295383340437945	0.9981754458833023	0.2148333994911214	2.417545235847856	2.497492996461620	0.2017673413499565	-0.008550437213072861	-0.008865645296922624	-0.002459155215521876	-0.002230743561852128	6.180714102442566	-0.3735970000000000	45.83900000000000	3805207346.228583
2.297269107345063	0.9966322974849342	0.2153852419501179	2.417873235054415	2.499046196080166	0.2018358648390371	-0.008577846611642530	-0.008883918229376040	-0.002479255441086093	-0.002249016494138247	6.181964897828017	-0.3736530000000000	45.83500000000000	3805207349.232845
2.299538605895412	0.9958182387383181	0.2158968839659605	2.419338724449668	2.496588486184528	0.2017371909967660	-0.008574192025155795	-0.008888486462368910	-0.002442709576452363	-0.002201506870236499	6.175217546975059	-0.3737050000000000	45.83700000000000	3805207352.233580
2.300217445438527	0.9948872332805752	0.2159928168389152	2.421140435724003	2.495658393552241	0.2023292339216110	-0.008620788002757741	-0.008852854244251215	-0.002487478260594377	-0.002229829915279445	6.167786781505467	-0.4990530000000000	46.44500000000000	3805207355.228662
2.301088150802240	0.9945738526407156	0.2150974433162445	2.421675832891204	2.497847491463647	0.2014091918952893	-0.008552264506244930	-0.008967060071777548	-0.002429004877261303	-0.002266375779828820	6.168502174250822	-0.4991120000000000	46.44800000000000	3805207358.228926
2.301393308820814	0.9946935402903397	0.2161280365154437	2.418705567196400	2.496104253233107	0.2021693457653223	-0.008585155784562407	-0.008911327627911109	-0.002450932395985367	-0.002257239313688465	6.171662510876752	-0.4991620000000000	46.45000000000000	3805207361.228486
2.302676068875797	0.9959041214792582	0.2162870109991482	2.420564838646059	2.497299303091993	0.2000478586954868	-0.008597033190616906	-0.008869299883360708	-0.002482910027489132	-0.002275512245955747	6.176341343993664	-0.4992140000000000	46.45100000000000	3805207364.228586
2.297844704805869	0.9948981970347317	0.2161307774594721	2.420989684253356	2.499517637938261	0.2020332124545892	-0.008576019318420962	-0.008896709281992361	-0.002484737320730960	-0.002242620967834969	6.175458752099781	-0.4992700000000000	46.45000000000000	3805207367.229039
2.291645611563868	0.9943664549577640	0.2154135649915823	2.420204861514192	2.498057630516698	0.2004827544307448	-0.008594292250802642	-0.008861990710422178	-0.002493873786905192	-0.002254498373848950	6.169300709720728	-0.6237430000000000	47.10700000000000	3805207370.227727
2.292742901314820	0.9982010279763054	0.2158429788251975	2.419592718380582	2.495931574049076	0.2027632159848845	-0.008568710145385301	-0.008862904357060537	-0.002480169087670321	-0.002282821418909900	6.165847089540909	-0.6237930000000000	47.10200000000000	3805207373.234642
2.288067770887843	1.000802178651082	0.2146899569985289	2.419110312850512	2.497595325030876	0.2023941028262103	-0.008592464957527203	-0.008895795635497392	-0.002460068862157710	-0.002249930140761180	6.162500367341520	-0.6238440000000000	47.10600000000000	3805207376.229218
2.282821611263351	1.004031917897182	0.2136237315844149	2.419939904281672	2.497003281888313	0.2021337135527969	-0.008598860483877709	-0.008941477966395708	-0.002464637095221297	-0.002235311794940453	6.161993287976866	-0.6238970000000000	47.10500000000000	3805207379.228464
2.280362074228872	1.009585059377661	0.2137680877229500	2.419253755154148	2.499158574724146	0.2031734432417908	-0.008613478829766709	-0.008911327627919253	-0.002468291681670854	-0.002241707321249643	6.159374749658603	-0.6239479999999999	47.10800000000000	3805207382.228174
2.280092548439904	1.016899710690547	0.2135698264435130	2.420533774388929	2.496262313878300	0.2021994960976063	-0.008583328491321627	-0.008892141048934512	-0.002458241568935772	-0.002236225441581935	6.155017523722643	-0.7494459999999999	47.81500000000000	3805207385.228843
2.277761835603497	1.024143097599290	0.2126881576139174	2.421445593913422	2.498880825919389	0.2027020016585524	-0.008576019318380600	-0.008886659169196230	-0.002465550741856057	-0.002306576230884952	6.154976409185636	-0.7494960000000001	47.81600000000000	3805207388.229425
2.275202711087580	1.031928276690237	0.2125465424114406	2.420395813831409	2.498013775152266	0.2011396662211984	-0.008565969205587257	-0.008899450221868249	-0.002445450516317384	-0.002270944012895898	6.157461553780408	-0.7495440000000000	47.81800000000000	3805207391.231684
2.272204122499196	1.040041454757657	0.2121701200709493	2.421538786066693	2.497580706619639	0.2024681081604682	-0.008508409468532978	-0.008861990710423503	-0.002460982508757798	-0.002291044238406384	6.160252773135958	-0.7495960000000000	47.81800000000000	3805207394.234434
2.266566008515531	1.047771815074840	0.2108727420998192	2.421684055858347	2.497853887134090	0.2016321216535106	-0.008625356235832264	-0.008878436349651936	-0.002462809801988608	-0.002249016494168597	6.164235400189379	-0.7496460000000000	47.81800000000000	3805207397.230381
2.260482034959319	1.056236746918583	0.2096411466758866	2.420425050607868	2.499046196307193	0.2019235749063107	-0.008525768754263587	-0.008897622928583966	-0.002442709576453958	-0.002270944012901802	6.164162307680772	-0.8741390000000000	48.58500000000000	3805207400.234351
2.258528658264082	1.067366784664230	0.2089933713369858	2.419033566042038	2.501502991735397	0.2028609761133801	-0.008643629168248792	-0.009037410861609540	-0.002465550741840746	-0.002281907772275417	6.155797786124021	-0.8741840000000000	48.58400000000000	3805207403.227993
2.254511353635427	1.078312265881985	0.2079271459193920	2.418626079688295	2.504448589071623	0.2004982864491084	-0.008617133416244507	-0.008999037703453741	-0.002474687207992135	-0.002272771306137469	6.149189311703891	-0.8742320000000000	48.58500000000000	3805207406.229079
2.246418271034973	1.087394822542781	0.2062250225612383	2.422587652730805	2.499295621841012	0.2017262272641248	-0.008628097175687648	-0.008914982214447817	-0.002439968636603185	-0.002274598599400522	6.149175606881621	-0.8742820000000000	48.58000000000000	3805207409.228893
2.237350327464345	1.096173135027543	0.2050308866378368	2.421872267139435	2.499786250267886	0.2017527230012886	-0.008613478829825086	-0.008944218906323746	-0.002478341794446757	-0.002277339539207520	6.146772691462912	-0.8743250000000000	48.58200000000000	3805207412.232801
2.227750641601910	1.104320118004539	0.2038806057445740	2.421662128393820	2.499249025706310	0.2016878540762039	-0.008710325371506235	-0.008856508830776202	-0.002433573110321383	-0.002240793674649543	6.144399926667051	-0.9998650000000000	49.41900000000000	3805207415.229254
2.212119974072184	1.109461205054102	0.2019126112601634	2.421904244856724	2.500517167778006	0.2016823722319842	-0.008621701649361508	-0.008967060071773518	-0.002457327922295359	-0.002254498373829867	6.144473019206118	-0.9999140000000000	49.42100000000000	3805207418.234311
2.197824144549956	1.115211694106318	0.1998057425111578	2.422589479826760	2.499900456520180	0.2020533127004344	-0.008645456461467978	-0.008946959846112330	-0.002426263937386049	-0.002299267057947181	6.146198001781982	-0.9999610000000000	49.42000000000000	3805207421.230220
2.182318647063465	1.120197461307510	0.1971927136190827	2.423361511556715	2.501307472042441	0.2016640992844150	-0.008653679281083055	-0.009044720034456192	-0.002480169087687528	-0.002238966381377365	6.146559809628001	-1.000007000000000	49.41800000000000	3805207424.229275
2.161159504379657	1.122011048974013	0.1951178224944742	2.421832980454146	2.499414396038814	0.2021181815710323	-0.008642715521627771	-0.008861990710439195	-0.002462809801978138	-0.002280080479045680	6.143256942914358	-1.000054000000000	49.42200000000000	3805207427.229691
2.144118167434436	1.125700352247673	0.1922179085992093	2.422746627480283	2.502536327621047	0.2025868822097890	-0.008685656912795185	-0.008931427853599287	-0.002472859914778242	-0.002279166832481596	6.145583111190487	-1.124081000000000	50.31900000000000	3805207430.234500
2.121308066094525	1.125651929000135	0.1898634416407468	2.422913824610194	2.500179118445937	0.2038120821098230	-0.008533991573865109	-0.009001778643297955	-0.002473773561353346	-0.002249930140739397	6.145462508667728	-1.124121000000000	50.32400000000000	3805207433.230041
2.093823749268471	1.122621364622016	0.1862481425478009	2.423840262474275	2.498997773046652	0.2024288213628780	-0.008609824243293235	-0.008964319131923819	-0.002478341794451873	-0.002292871531652493	6.139201223818030	-1.124163000000000	50.32500000000000	3805207436.233834
2.064048007526722	1.116839811597999	0.1827004532851803	2.421868612770940	2.500802225672204	0.2014585288580647	-0.008581501198082989	-0.008900363868479843	-0.002463723448587103	-0.002268203073060989	6.131711985510740	-1.124207000000000	50.32700000000000	3805207439.229301
2.028753841470727	1.107177089606576	0.1784803202001463	2.422625112114510	2.501357723326691	0.2015846120484690	-0.008628097175682232	-0.008839149544938894	-0.002492960140264529	-0.002279166832449612	6.129159230664961	-1.124246000000000	50.32500000000000	3805207442.229994
1.990038983859647	1.094554153998811	0.1742565325197109	2.422445123543956	2.501033378521428	0.2016293807250305	-0.008562314619055645	-0.008877522703001937	-0.002467378035076659	-0.002262721193355635	6.121552131151263	-1.249727000000000	51.31800000000000	3805207445.233616
1.958595839757035	1.085765791406359	0.1708988816904643	2.422716476883733	2.501460965146595	0.2021382818185821	-0.008586983077809147	-0.008891227402318040	-0.002458241568926637	-0.002251757434004883	6.117102626740440	-1.249774000000000	51.32500000000000	3805207448.229249
1.928439110622369	1.077572212477410	0.1678573525411245	2.423210759943299	2.499312067688202	0.2014320330789283	-0.008568710145449609	-0.008922291387454290	-0.002450932395977037	-0.002263634840004635	6.115067001246348	-1.249812000000000	51.26300000000000	3805207451.230173
1.894381111848301	1.065491069059922	0.1638912131375697	2.423672151442466	2.500541836428859	0.2036595031261690	-0.008631751762204888	-0.008908586688068139	-0.002448191456139150	-0.002276425892627580	6.113968786930305	-1.249857000000000	51.26900000000000	3805207454.233244
1.849372147946369	1.045796512036444	0.1594810415228585	2.423031684896521	2.499958929723562	0.2003137298096259	-0.008646370108103109	-0.008917723154254830	-0.002485650967351738	-0.002228916268625885	6.109430657963395	-1.249898000000000	51.26700000000000	3805207457.230048
1.793991471608627	1.018574424135838	0.1532965684032914	2.421949927193058	2.498545517822085	0.2037992910266667	-0.008643629168278322	-0.008996296763641793	-0.002444536869688535	-0.002292871531678562	6.100777423028480	-1.374405000000000	52.35400000000000	3805207460.229622
1.735538204443966	0.9881353880036826	0.1472135100135621	2.423235428313795	2.500950236515368	0.2019939256545600	-0.008581501198077591	-0.008838235898342674	-0.002487478260586320	-0.002268203073070113	6.093563196320196	-1.374442000000000	52.35400000000000	3805207463.232466
1.670771643141483	0.9521687924015408	0.1407604247568964	2.423371561508797	2.499744222692958	0.2024215121678206	-0.008576932965003049	-0.008906759394790877	-0.002458241568935780	-0.002261807546784301	6.085490133425076	-1.374478000000000	52.35600000000000	3805207466.233594
1.602542364502935	0.9136275417220764	0.1338770119681384	2.421973681862783	2.500107853813386	0.2020067166728133	-0.008586069431176476	-0.008875695409723624	-0.002462809801995332	-0.002237139088200274	6.078440365250620	-1.374519000000000	52.36100000000000	3805207469.234099
1.531453375160788	0.8723453522743243	0.1272402836969354	2.423037166873399	2.500822325909956	0.2016567901188874	-0.008674693153315784	-0.008981678417669505	-0.002467378035061879	-0.002290130591824013	6.074131564652339	-1.374558000000000	52.36000000000000	3805207472.231219
1.462421005453989	0.8316716509221109	0.1197812735256280	2.423586269000326	2.497357776863302	0.2036978762805330	-0.008599774130539320	-0.008890313755645867	-0.002492046493660407	-0.002264548486606595	6.069245333591392	-1.500003000000000	53.56500000000000	3805207475.228350
1.397842662661054	0.7931614634633191	0.1132368234832435	2.415748092323279	2.505057993375186	0.1977500378119348	-0.008594292250766930	-0.008949700785953373	-0.002467378035074518	-0.002307489877480468	6.067520351542115	-1.500044000000000	53.56600000000000	3805207478.232701
1.331817105442457	0.7528513926194859	0.1071985335809896	2.419491303395206	2.500879885822185	0.2008564358188629	-0.008606169656837009	-0.008913154921205904	-0.002430832170487526	-0.002300180704572796	6.070923719218007	-1.500083000000000	53.56600000000000	3805207481.235576
1.273235938373533	0.7174603926374483	0.1017486320151357	2.424419514653875	2.498186454452163	0.2018605332680134	-0.008595205897375034	-0.008926859620522554	-0.002501182959803721	-0.002297439764727661	6.068047530916870	-1.500119000000000	53.56900000000000	3805207484.228996
1.225232967471805	0.6886741409089133	0.09707807092713476	2.421433716955319	2.503354954973953	0.2022543149423110	-0.008610737889987605	-0.008931427853541134	-0.002510319425973370	-0.002280994125689834	6.066531776093601	-1.500157000000000	53.57000000000000	3805207487.234248
1.180711902484955	0.6616694990900303	0.09278941407297195	2.423791839144978	2.499291967288435	0.2016960769033876	-0.008562314619065658	-0.008909500334710583	-0.002503010253059522	-0.002290130591817285	6.067445431805448	-1.625048000000000	54.90900000000000	3805207490.233357
1.144443803638650	0.6405642708525279	0.08923806996721849	2.426943006915009	2.497771659146649	0.2017243999089297	-0.008586983077839963	-0.008959750898758655	-0.002437227696779784	-0.002242620967901048	6.071415266033480	-1.625079000000000	54.90900000000000	3805207493.234552
1.112796927256068	0.6214343456539949	0.08671457821306901	2.422587652943405	2.501170425412740	0.2013817825343646	-0.008550437213020082	-0.008950614432595020	-0.002489305553821160	-0.002259980253549718	6.072294202836589	-1.625113000000000	54.91000000000000	3805207496.230242
1.080969148969515	0.6008069540980843	0.08308740142481826	2.425161396202992	2.501043428402434	0.2002643929266865	-0.008639060935155625	-0.008908586688205164	-0.002492046493687547	-0.002258152960344163	6.076998616522403	-1.625148000000000	54.90700000000000	3805207499.231266
1.050712842123128	0.5805742575658530	0.07984669711500536	2.423452876531123	2.499665648958905	0.2023100473644174	-0.008610737889951085	-0.008945132552924569	-0.002479255441067006	-0.002222520742343848	6.082385530996293	-1.625188000000000	54.91300000000000	3805207502.233404
1.023456035671665	0.5619578011289937	0.07730493240961588	2.422977779918496	2.501147584233302	0.2009441458898511	-0.008626269882506067	-0.008930514206948207	-0.002464637095213512	-0.002249930140817312	6.084920012230811	-1.750557000000000	56.41600000000000	3805207505.229974
1.001559591333746	0.5471119627553960	0.07519075428589764	2.423157768443319	2.500804052896333	0.2020569672730096	-0.008604342363611664	-0.008878436349674119	-0.002473773561389623	-0.002223434388945019	6.093448989436189	-1.750596000000000	56.41800000000000	3805207508.229306
0.9895405758321792	0.5394720525400799	0.07419396589564352	2.424099738263071	2.499538652295900	0.2025859685381672	-0.008607083303489778	-0.008907673041414406	-0.002452759689239029	-0.002270944012944277	6.098173503783306	-1.750629000000000	56.41600000000000	3805207511.228715
0.9839490612057616	0.5358366539720546	0.07357451353038760	2.423172386515086	2.500095976974717	0.2003703758987804	-0.008533991573835123	-0.008890313755600501	-0.002485650967379166	-0.002259980253534130	6.096350760327386	-1.750664000000000	56.41500000000000	3805207514.235237
0.9812163454782257	0.5339709882557166	0.07373257438413802	2.425619133277623	2.502745552410717	0.2013086908200952	-0.008584242137929981	-0.008936909733309207	-0.002472859914769109	-0.002239880028036855	6.092599289470095	-1.750698000000000	56.41500000000000	3805207517.234178
0.9809404243315203	0.5335452290861613	0.07403316410073305	2.423795493839457	2.501258135226181	0.2014694925856317	-0.008579673904836249	-0.008914068567747024	-0.002481082734290018	-0.002269116719681766	6.090256675840067	-1.875548000000000	58.10600000000000	3805207520.234781
0.9824369767761922	0.5342496503731068	0.07368232382656596	2.425266465269234	2.500249469466550	0.2019847891866134	-0.008595205897350149	-0.008943305259629410	-0.002482910027514117	-0.002259066606931368	6.086855135194490	-1.875575000000000	58.10500000000000	3805207523.234250
0.9862194719653081	0.5371340316974175	0.07372526521200951	2.423143149908122	2.501197834851911	0.2020569672539811	-0.008631751762194668	-0.008889400109005106	-0.002476514501189605	-0.002249930140763579	6.082968443477446	-1.875607000000000	58.10700000000000	3805207526.231122
0.9911668660337508	0.5404761498066639	0.07448907373351671	2.424596762367278	2.500942013621383	0.2017353636713987	-0.008667383980384790	-0.008939650673195489	-0.002534987884592578	-0.002301094351191442	6.079255346185308	-1.875641000000000	58.10900000000000	3805207529.235017
0.9950699625166146	0.5427191514326599	0.07494041512963272	2.423641087639095	2.498107880822027	0.2006051830348770	-0.008603428716990019	-0.008879349996260359	-0.002473773561370001	-0.002258152960330999	6.077809029120075	-1.875673000000000	58.10600000000000	3805207532.230414
1.001345798128080	0.5469009104660175	0.07487828716015349	2.424439614897815	2.501190525681177	0.2023164428359341	-0.008558660032598909	-0.008891227402241273	-0.002452759689222634	-0.002275512245985573	6.084140663793320	-2.000626000000000	60.01400000000000	3805207535.230136
1.010528855881051	0.5529921902153807	0.07594268539929931	2.424722845483038	2.499929692930763	0.2016942496084874	-0.008631751762168407	-0.008935082440003548	-0.002463723448595146	-0.002305662584266305	6.084945594585325	-2.000658000000000	60.01900000000000	3805207538.233997
1.023644246785266	0.5620646977472150	0.07710210287266753	2.423654792329565	2.501370514145196	0.2014393422422460	-0.008555919092718387	-0.008891227402268628	-0.002472859914725301	-0.002270944012912841	6.086670576683413	-2.000690000000000	60.02000000000000	3805207541.229873
1.038880210464386	0.5725560979050380	0.07859865592691612	2.423818335076632	2.499720467680674	0.2021538137846615	-0.008561400972470275	-0.008920464094115585	-0.002493873786900623	-0.002283735065540081	6.081597046047388	-2.000719000000000	60.02000000000000	3805207544.235219
1.055153162550865	0.5837199416704689	0.08053467296729738	2.422816064650013	2.500439507684014	0.2005531051864924	-0.008610737889898624	-0.008923205034003696	-0.002476514501194453	-0.002270030366318915	6.076221095458753	-2.000750000000000	60.02100000000000	3805207547.230022
1.070570028165806	0.5940898267830016	0.08244602154540204	2.424137197921810	2.500028366938768	0.2019838755445648	-0.008635406348684350	-0.008937823379861883	-0.002494787433509040	-0.002334899275969546	6.074051162950561	-2.125558000000000	62.19900000000000	3805207550.235063
1.085023910709456	0.6037689952801627	0.08320069359589027	2.425091958831949	2.500450471730911	0.2013936599414317	-0.008586983077817521	-0.008902191161657129	-0.002487478260599474	-0.002299267057966534	6.065305649979758	-2.125584000000000	62.20400000000000	3805207553.234889
1.102159344791641	0.6150287717643080	0.08512940145487256	2.422300767781216	2.501018759900629	0.2020222486988723	-0.008570537438661766	-0.008923205034031836	-0.002508492132725360	-0.002302007997809780	6.061009640832606	-2.125614000000000	62.20500000000000	3805207556.233262
1.117052691158014	0.6242812673850406	0.08607502562866327	2.425168704991662	2.501060787987172	0.2020980813613479	-0.008639060935161362	-0.008919550447511845	-0.002485650967371371	-0.002262721193361550	6.062000043664742	-2.125641000000000	62.20900000000000	3805207559.234593
1.129962511677200	0.6322363852979921	0.08761726099974697	2.424257799302519	2.500488844773225	0.2019765663733115	-0.008614392476392096	-0.008979851124517685	-0.002480169087662267	-0.002274598599382538	6.061829190001684	-2.125670000000000	62.21000000000000	3805207562.230653
1.142359776697884	0.6396259561608186	0.08856562611035540	2.425664815373614	2.501626335179931	0.2019592071240850	-0.008627183529109017	-0.008872040823249071	-0.002508492132745238	-0.002245361907669895	6.060744680640612	-2.251046000000000	64.73900000000000	3805207565.230694
1.152887721641226	0.6459931568552671	0.08970037511683003	2.424209375982350	2.500109681378031	0.2017381046188376	-0.008611651536600845	-0.008866558943585595	-0.002478341794452138	-0.002252671080643393	6.062070395109275	-2.251077000000000	64.74200000000000	3805207568.230968
1.162754186757192	0.6512320044238774	0.09089633844448090	2.424732895663474	2.500660610510520	0.2014786290586297	-0.008551350859655495	-0.008906759394778417	-0.002481082734304011	-0.002263634839998994	6.062757464172441	-2.251103000000000	64.74100000000000	3805207571.229783
1.176851747354313	0.6592209271712022	0.09197444135696282	2.423249133304836	2.500031107842043	0.2033141447791803	-0.008604342363616032	-0.008895795635342627	-0.002487478260598956	-0.002231657208474820	6.062516259132043	-2.251130000000000	64.74600000000000	3805207574.235212
1.189850191609970	0.6671294490282182	0.09336409775194462	2.424727413732230	2.500514426906241	0.2020569672524706	-0.008583328491317320	-0.008964319131880857	-0.002464637095204641	-0.002252671080637764	6.061427181454698	-2.251162000000000	64.74800000000000	3805207577.236063
1.203003955734616	0.6749950294913984	0.09445407807026035	2.424708227179079	2.502096863367821	0.2021081314987047	-0.008569623792037986	-0.008944218906319133	-0.002467378035054902	-0.002263634840023442	6.062473317244649	-2.375955000000000	67.70200000000000	3805207580.230497
1.215893676131424	0.6828523871177775	0.09598991790429698	2.425656592460419	2.500504376831622	0.2022515739481939	-0.008644542814891057	-0.008912241274532480	-0.002466464388436265	-0.002252671080640159	6.066275038804956	-2.375980000000000	67.70200000000000	3805207583.229232
1.228534884785304	0.6907097447249089	0.09679484049835423	2.425911500153183	2.502254010938720	0.2010382514525160	-0.008593378604203726	-0.008937823379880552	-0.002477428147831903	-0.002274598599375265	6.067370512007403	-2.376004000000000	67.70200000000000	3805207586.235518
1.241333240606025	0.6985168517696689	0.09776147854108529	2.425916068393616	2.503736859278662	0.2031588249357216	-0.008616219769666993	-0.008922291387372617	-0.002495701080124980	-0.002262721193360485	6.067575170918133	-2.376028000000000	67.70699999999999	3805207589.230325
1.251207014990305	0.7044994072786688	0.09897388748837634	2.426086920095398	2.500922827190720	0.2021620366047013	-0.008607083303435684	-0.008989901237221355	-0.002456414275700113	-0.002269116719653548	6.069024228935421	-2.376055000000000	67.70500000000000	3805207592.235941
1.260424791423910	0.7096797813892229	0.09920778100712710	2.426644244869578	2.501502992985657	0.2014110192007023	-0.008576019318378206	-0.008875695409697681	-0.002463723448598386	-0.002271857659533891	6.068051185529105	-2.501388000000000	71.23000000000000	3805207595.236262
1.270065586059153	0.7154512845996572	0.1001844691506820	2.425197028063546	2.502650533571997	0.2024123757498177	-0.008567796498788012	-0.008877522702975503	-0.002440882283225295	-0.002263634840003559	6.064026532018109	-2.501415000000000	71.23099999999999	3805207598.231953
1.279092410466286	0.7209121480844800	0.1007554982352738	2.424424083132834	2.499735086170432	0.2021126996773496	-0.008601601423738735	-0.008887572815803796	-0.002456414275718397	-0.002272771306147951	6.061775284354957	-2.501439000000000	71.23000000000000	3805207601.233983
1.286104645023534	0.7249449825145071	0.1016453899610948	2.426696322747394	2.502245787881640	0.2025640410589631	-0.008594292250801530	-0.008886659169135131	-0.002453673335839924	-0.002256325667074400	6.061514892390440	-2.501464000000000	71.22900000000000	3805207604.234593
1.293735418066445	0.7296274194032828	0.1019057792198012	2.427288365751052	2.501707649965429	0.2018513967823388	-0.008612565183156449	-0.008924118680590414	-0.002478341794428221	-0.002238966381421446	6.063482906832705	-2.501491000000000	71.23099999999999	3805207607.235928
1.303663097666854	0.7356812392625452	0.1027435930975258	2.425314888673450	2.502008239708703	0.2000250175193480	-0.008639060935112927	-0.008947873492735589	-0.002471946268141325	-0.002311144463948279	6.066833282471435	-2.626057000000000	75.46599999999999	3805207610.231411
1.315609021747407	0.7430790326989269	0.1039249380572207	2.428281499554338	2.501986312330776	0.2026225142841196	-0.008548609919776920	-0.008925032327237459	-0.002495701080141644	-0.002236225441570360	6.066332599183534	-2.626077000000000	75.47000000000000	3805207613.235718
1.328980233937118	0.7512223614332361	0.1049473085280337	2.424968616782249	2.502372784923560	0.2022031507171566	-0.008607083303432446	-0.008918636800868287	-0.002481082734307758	-0.002286476005379861	6.066741003216270	-2.626102000000000	75.46700000000000	3805207616.234780
1.341757576130840	0.7591710835064515	0.1065434490217267	2.424542857415066	2.502689819800156	0.2037846727188307	-0.008619874356123412	-0.008928686913667156	-0.002475600854591131	-0.002231657208500069	6.068634097970765	-2.626120000000000	75.47100000000000	3805207619.229516
1.355670580602687	0.7674679047702087	0.1079678239565169	2.424445097100357	2.503780714517336	0.2028107256133859	-0.008610737889991895	-0.008964319131906529	-0.002484737320767513	-0.002239880028036028	6.068999560176968	-2.626144000000000	75.47000000000000	3805207622.233218
1.370771325198636	0.7767816142494395	0.1095986830117297	2.426264167514226	2.500370071109438	0.2009048590881163	-0.008582414844700284	-0.008988987590670877	-0.002450932396018147	-0.002292871531684748	6.067475582468771	-2.751494000000000	80.71899999999999	3805207625.232383
1.387870214133461	0.7870181063771802	0.1108604288634518	2.426625971822048	2.499796300359531	0.2019263158391492	-0.008592464957543979	-0.008977110184576330	-0.002451846042595924	-0.002263634839987704	6.064909123470637	-2.751520000000000	80.71299999999999	3805207628.231491
1.408300257273897	0.7993075615054473	0.1132907286283884	2.425075513485744	2.500497981208196	0.2013013816950808	-0.008611651536536456	-0.008888486462437555	-0.002476514501215959	-0.002244448261046159	6.068222952792143	-2.751540000000000	80.71500000000000	3805207631.230684
1.426017684880060	0.8098875845541587	0.1149645290621590	2.426104279645473	2.498864380667443	0.2019802209368990	-0.008593378604147198	-0.008914068567749154	-0.002465550741820852	-0.002267289426437231	6.072149845232452	-2.751562000000000	80.71800000000000	3805207634.230906
1.443426300156374	0.8201012354516496	0.1159083259147736	2.424004719148974	2.501460965126665	0.2016156759914534	-0.008541300746842053	-0.008879349996262807	-0.002495701080125528	-0.002297439764752372	6.075079939316009	-2.751582000000000	80.72600000000000	3805207637.236002
1.462835800790286	0.8317374334600909	0.1182454337192527	2.416140047026027	2.508443969108289	0.1970291707877398	-0.008578760258236553	-0.008961578192023541	-0.002468291681657395	-0.002267289426482110	6.075459106444923	-2.876396000000000	87.31100000000001	3805207640.235869
1.481660567951828	0.8433105898547560	0.1203066202748776	2.428762078021300	2.499415309816672	0.2019857028671227	-0.008547696273170383	-0.008958837252174374	-0.002483823674137596	-0.002269116719675565	6.070462323119725	-2.876413000000000	87.31600000000000	3805207643.232563
1.497783683273877	0.8528499697932441	0.1218351509024096	2.423507695479271	2.502082245001985	0.2003137298115401	-0.008650024694561713	-0.008955182665761988	-0.002487478260591678	-0.002249016494185519	6.055612676629485	-2.876433000000000	87.32200000000000	3805207646.235017
1.512824127879107	0.8617762931188515	0.1233910909273537	2.426975898570252	2.499456423690607	0.2025877958558496	-0.008590637664262633	-0.008921377740714508	-0.002471946268138110	-0.002200593223621098	6.048896393525362	-2.876456000000000	87.32500000000000	3805207649.234966
1.525942260837704	0.8692727601388077	0.1246071544395968	2.426863520466909	2.501473756041546	0.2015206567967803	-0.008539473453561026	-0.008889400109082918	-0.002451846042605332	-0.002257239313661591	6.048914666656288	-2.876478000000000	87.32800000000000	3805207652.231411
1.538112029040261	0.8760830788592322	0.1259282873038861	2.427178728191057	2.499357749846956	0.2019445887356282	-0.008594292250769592	-0.008862904357091356	-0.002471032621550920	-0.002259980253555083	6.047591693243669	-3.001757000000000	95.98000000000000	3805207655.230061
1.544581558241002	0.8799249610963343	0.1267240734180026	2.426257772455990	2.500944754629591	0.2018696697355377	-0.008568710145449349	-0.008925945973819047	-0.002436314050165741	-0.002232570855144754	6.052248596297717	-3.001781000000000	95.98200000000000	3805207658.230599
1.548007731740819	0.8820309155677298	0.1270365405262070	2.426927475115324	2.502551859576094	0.2013488912670103	-0.008597946837279331	-0.008915895861047581	-0.002442709576463365	-0.002285562358776813	6.054722775876365	-3.001802000000000	95.98500000000000	3805207661.236834
1.549552707579305	0.8829829348990285	0.1270246631166518	2.428106993619575	2.498901840255444	0.2036622440944602	-0.008605256010230888	-0.008967973718354037	-0.002465550741847468	-0.002266375779808950	6.058120661452544	-3.001821000000000	95.98699999999999	3805207664.233336
1.549735436832862	0.8830423219014722	0.1272055651298693	2.427222583350047	2.500285101824236	0.2018952518278341	-0.008622615295976339	-0.008918636800836429	-0.002505751192878054	-0.002272771306114093	6.057070870959141	-3.001845000000000	95.99500000000000	3805207667.232345
1.546916838098093	0.8814352182509267	0.1269808080859765	2.427502159369116	2.501342191287443	0.2021090451277371	-0.008582414844735157	-0.008878436349639264	-0.002508492132749552	-0.002221607095738373	6.056205639114825	-3.126572000000000	107.7900000000000	3805207670.234969
1.541238526556339	0.8779441761524579	0.1261512170531848	2.426025705813338	2.500064912724326	0.2017965780313195	-0.008566882852203422	-0.008875695409806636	-0.002465550741830535	-0.002246275554320777	6.055884945908304	-3.126586000000000	107.8000000000000	3805207673.234571
1.531219481636473	0.8723279930082241	0.1249397217720673	2.426530038879473	2.499991821073902	0.2012355990966398	-0.008595205897425559	-0.008860163417225363	-0.002453673335839920	-0.002272771306162451	6.056159956303286	-3.126606000000000	107.8000000000000	3805207676.234741
1.521400525285910	0.8668461158493017	0.1238844600461704	2.425230833276222	2.499333081270808	0.2023082200290107	-0.008564141912312898	-0.008899450221832840	-0.002488391907218384	-0.002255412020463008	6.058747429247896	-3.126627000000000	107.8000000000000	3805207679.234633
1.506170955861394	0.8577398042305311	0.1225368314323733	2.426278786120823	2.499357749924571	0.2020807220887108	-0.008481913716532443	-0.008899450221833121	-0.002481996380905426	-0.002275512246005458	6.059886757933753	-3.126645000000000	107.8100000000000	3805207682.235620
1.488156592757766	0.8470839486486750	0.1204199124471164	2.425459244867829	2.499256334983932	0.2021565547420295	-0.008563228265716434	-0.008818135672676383	-0.002466464388476859	-0.002242620967876068	6.060559208521633	-3.189235000000000	115.5400000000000	3805207685.235495
1.468748005607810	0.8353911046098504	0.1182107151554296	2.425444626401719	2.498774843325787	0.1998194470646036	-0.008628097175714163	-0.008916809507608326	-0.002440882283219116	-0.002271857659550269	6.059006907456558	-3.189254000000000	115.5400000000000	3805207688.234210
1.447517607992101	0.8225050386067789	0.1162299294900553	2.425174187024750	2.499474696745036	0.2012611811984527	-0.008658247514184900	-0.008966146425215760	-0.002433573110303939	-0.002282821418877666	6.056950268503159	-3.189274000000000	115.5500000000000	3805207691.232234
1.425733540905863	0.8097331783450780	0.1144876055698510	2.425345038966587	2.500009180005264	0.2014128465225444	-0.008557746385968366	-0.008829099432131733	-0.002476514501227237	-0.002280080479079252	6.060744680675259	-3.189294000000000	115.5500000000000	3805207694.235671
1.403570310779910	0.7962879607947897	0.1124766695711851	2.425410821697466	2.498563790648492	0.2019199202889581	-0.008572364731880942	-0.008943305259645918	-0.002524024125203661	-0.002313885403818119	6.059328514294066	-3.189313000000000	115.5600000000000	3805207697.236547
1.384387394750655	0.7850016891956760	0.1107855098561426	2.423690424647828	2.501811805711498	0.2012292035736593	-0.008575105671722528	-0.008925032327230721	-0.002505751192870528	-0.002268203073077081	6.054752926561312	-3.251815000000000	125.0600000000000	3805207700.235124
1.367362511176530	0.7747834699865506	0.1092542382721475	2.426281526965572	2.499712245132096	0.2026307372423549	-0.008609824243295674	-0.008935996086651386	-0.002488391907217317	-0.002231657208498978	6.053711359011967	-3.251831000000000	125.0700000000000	3805207703.235923
1.350370518939366	0.7643989671413105	0.1071117371578854	2.424178311198951	2.500465090857084	0.2061300031912096	-0.008578760258238135	-0.008880263642814674	-0.002461896155387434	-0.002242620967863182	6.051417169579183	-3.251851000000000	125.0800000000000	3805207706.235538
1.332096681144941	0.7535667776226139	0.1053173353760974	2.421715120684252	2.504863385734284	0.1989131098277968	-0.008603428716995182	-0.008955182665699299	-0.002499355666586341	-0.002280080479063400	6.052773948252013	-3.251871000000000	125.0800000000000	3805207709.231254
1.312434101197364	0.7413686869770053	0.1035092288901181	2.426082351921374	2.500192823190785	0.2025759184436924	-0.008626269882486293	-0.008932341500179778	-0.002462809801987536	-0.002300180704544858	6.054798609325173	-3.251889000000000	125.0900000000000	3805207712.231307
1.293643139802489	0.7297233522552953	0.1017897461135150	2.424667113225607	2.500751061507611	0.2018258147066063	-0.008554091799510832	-0.008793467213936106	-0.002454586982461516	-0.002233484501717419	6.057295630318402	-3.283067000000000	130.7100000000000	3805207715.232496
1.277255067968057	0.7198541457563268	0.1009711188165847	2.424633308300232	2.500844253227342	0.2016449127224317	-0.008557746385980060	-0.008925945973829851	-0.002477428147817655	-0.002293785178261458	6.061209731437993	-3.283086000000000	130.7200000000000	3805207718.231441
1.264603809111687	0.7123467147245366	0.1000364584143019	2.425273774942974	2.501487460828041	0.2022396965416682	-0.008536732513732947	-0.008840063191536695	-0.002505751192897952	-0.002281907772296655	6.064273219075502	-3.283102000000000	130.7300000000000	3805207721.236795
1.253974449305729	0.7064984652254199	0.09881948122533578	2.426560189482232	2.500370984319565	0.2018404330377081	-0.008664643040518328	-0.009006346876406031	-0.002457327922352078	-0.002220693449148236	6.069900424750699	-3.283117000000000	130.7400000000000	3805207724.235003
1.239476711548094	0.6978334443893043	0.09736495594173056	2.426217572538414	2.501369600030872	0.2003630667146832	-0.008684743266144036	-0.008990814883898617	-0.002476514501226421	-0.002287389651972695	6.067550502180812	-3.283134000000000	130.7400000000000	3805207727.230524
1.226380507073084	0.6896261602932208	0.09590220783909548	2.426911029618275	2.502395625956345	0.2024416124340326	-0.008611651536549450	-0.008937823379901939	-0.002423522997566450	-0.002259980253559925	6.067773434208484	-3.314117000000000	137.0800000000000	3805207730.235586
1.214901456371938	0.6824366780814454	0.09486430536424448	2.426759364252536	2.502543636831184	0.2014347740449042	-0.008541300746852082	-0.008909500334655448	-0.002464637095211891	-0.002236225441557500	6.064490669150850	-3.314129000000000	137.0800000000000	3805207733.230997
1.203858214918040	0.6755633174507275	0.09394974518274082	2.426098797722498	2.501716786454442	0.2023584706281862	-0.008698447965452874	-0.008966146425161895	-0.002494787433483229	-0.002248102847559626	6.060781226886603	-3.314144000000000	137.1000000000000	3805207736.231198
1.194403804193233	0.6697781094749419	0.09318410938125678	2.425413562608596	2.499559665979003	0.2016467399717180	-0.008595205897351212	-0.008949700786054785	-0.002482910027523272	-0.002236225441555048	6.059386988257427	-3.314157000000000	137.1100000000000	3805207739.234293
1.184817828427607	0.6639837650256837	0.09266972637585366	2.428439560898147	2.503828224443662	0.2019135247655436	-0.008528509694140327	-0.008908586688067651	-0.002481996380915914	-0.002270944012915793	6.058400240133566	-3.314174000000000	137.1200000000000	3805207742.237528
1.178984197545360	0.6606736246958541	0.09118139615882875	2.427020667399024	2.502171782333183	0.2017134362016246	-0.008659161160737831	-0.008965232778539152	-0.002419868411111784	-0.002260893900169146	6.058053050959024	-3.345554000000000	144.4600000000000	3805207745.232585
1.172371226472668	0.6568180375554078	0.09088263374499876	2.425842976489649	2.501391527844792	0.2030318280232954	-0.008676520446594954	-0.008894881988821267	-0.002431745817079037	-0.002289216945196533	6.058460541298111	-3.345565000000000	144.4600000000000	3805207748.233294
1.165009065534274	0.6529277318528711	0.08985021315125667	2.427095586439082	2.500957545931934	0.2017783051052298	-0.008502013942200577	-0.008887572815818930	-0.002524024125200718	-0.002240793674603085	6.056569274031204	-3.345582000000000	144.4700000000000	3805207751.232874
1.159183657478053	0.6500396960753658	0.08969215230120706	2.426614094620791	2.501126570252379	0.2019793073380273	-0.008609824243332490	-0.008913154921188113	-0.002483823674133562	-0.002220693449121887	6.053136669520034	-3.345594000000000	144.4900000000000	3805207754.231444
1.149615041020224	0.6441676916553180	0.08830615049272945	2.425557918772123	2.499199689293777	0.2008271991216500	-0.008604342363552224	-0.008846458717868232	-0.002461896155379385	-0.002228002622030379	6.054608568978473	-3.345611000000000	144.5000000000000	3805207757.232095
1.140382646362851	0.6384610571949108	0.08772872587796790	2.426107020752638	2.501883069756486	0.2022077189238787	-0.008650024694590941	-0.008906759394809501	-0.002481082734307228	-0.002266375779877451	6.059613574817754	-3.377135000000000	153.0300000000000	3805207760.237406
1.132471384087425	0.6332103322010124	0.08671640550447487	2.438263091499416	2.515836286476889	0.2027010880939922	-0.008598860483856314	-0.008926859620452841	-0.002490219200461030	-0.002261807546778125	6.061724119556668	-3.377150000000000	153.0500000000000	3805207763.233492
1.123716826391545	0.6269399779802736	0.08544917774487996	2.435383277817684	2.511375862468507	0.2022926880743854	-0.008550437213010624	-0.008936909733265183	-0.002438141343384998	-0.002277339539231975	6.063706752527687	-3.377165000000000	153.0600000000000	3805207766.236554
1.118581221215952	0.6233932032279452	0.08395445199716683	2.426426796698059	2.499538651838784	0.2020770674981937	-0.008563228265708586	-0.008874781763151211	-0.002483823674142432	-0.002254498373879844	6.064185508172112	-3.377180000000000	153.0700000000000	3805207769.236446
1.117853958857086	0.6229564803188862	0.08445513030531886	2.430960312758515	2.505502025589312	0.2018833744424899	-0.008595205897410453	-0.008881177289475203	-0.002476514501228315	-0.002287389651966512	6.066839678113174	-3.377200000000000	153.0900000000000	3805207772.232155
1.119986409040037	0.6242054347469494	0.08472922426910166	2.420528292983752	2.495803663355117	0.2015974030792052	-0.008589724017741622	-0.008865645296905056	-0.002492046493672495	-0.002288303298591863	6.069936057354351	-3.389575000000000	156.8200000000000	3805207775.231913
1.125080900137859	0.6277403320971098	0.08564835269638306	2.427279229199431	2.498770275386778	0.2019555524980658	-0.008525768754254939	-0.008820876612548793	-0.002468291681707640	-0.002237139088190615	6.071317504862747	-3.389590000000000	156.8300000000000	3805207778.236793
1.133569586795961	0.6334551893961027	0.08665245024641383	2.425548783017869	2.500317992451474	0.2017280545504087	-0.008503841235415961	-0.008914068567816439	-0.002478341794468259	-0.002231657208518318	6.071325727663048	-3.389604000000000	156.8400000000000	3805207781.232460
1.142425559222799	0.6390284315148371	0.08770405741866212	2.427213446802524	2.500360934307183	0.2020222486956326	-0.008548609919829043	-0.008876609056364209	-0.002429918523859762	-0.002271857659556712	6.076437631739569	-3.389617000000000	156.8600000000000	3805207784.233298
1.152826507347238	0.6454193870125050	0.08927187488777388	2.425485740392050	2.499329427066816	0.2021081314649099	-0.008571451085233370	-0.008820876612518232	-0.002498442019996466	-0.002224348035558259	6.073135679844746	-3.389633000000000	156.8800000000000	3805207787.231300
1.165410156208732	0.6527038885225661	0.08986483149638087	2.431915987427809	2.508512492678550	0.2035114924502517	-0.008580587551481399	-0.008901277515080398	-0.002459155215547412	-0.002285562358785672	6.060095985093566	-3.402040000000000	160.8800000000000	3805207790.236314
1.179157790320701	0.6608508720658706	0.09179810757696864	2.427619105898973	2.502101431595117	0.2021574683778292	-0.008496532062476313	-0.008904018454990134	-0.002468291681680242	-0.002288303298591052	6.053760696401837	-3.402049000000000	160.9000000000000	3805207793.232785
1.191742352857874	0.6684048991778663	0.09336775233552069	2.429733284862166	2.501768864356557	0.2007614165959484	-0.008609824243296219	-0.008870213530006412	-0.002475600854597845	-0.002306576230899185	6.054042102391913	-3.402064000000000	160.9100000000000	3805207796.235496
1.208388072709355	0.6785884001375456	0.09427134876530256	2.430906407517609	2.502238478459795	0.2024653672265265	-0.008579673904878684	-0.008914982214418637	-0.002443623223081478	-0.002296526118135626	6.055608108245166	-3.402077000000000	160.9200000000000	3805207799.231329
1.229342548017568	0.6914790348509666	0.09656368792873388	2.428389310506808	2.502031080985520	0.2019427614439694	-0.008561400972421581	-0.008918636800849410	-0.002475600854584151	-0.002299267057984526	6.052841558753067	-3.402093000000000	160.9400000000000	3805207802.232003
1.248180105160078	0.7029434677501957	0.09829413446861623	2.427443685991295	2.502111481804259	0.2033579998288216	-0.008603428717016829	-0.008844631424697246	-0.002485650967383994	-0.002248102847619014	6.052888155209512	-3.414571000000000	165.2600000000000	3805207805.233675
1.267024057880825	0.7136998247840334	0.1004832315682588	2.428297032003580	2.501360464021078	0.2022378692720378	-0.008590637664325378	-0.008974369244707228	-0.002456414275712469	-0.002282821418928181	6.056156301614203	-3.414587000000000	165.2700000000000	3805207808.231616
1.290039719200558	0.7274127409586488	0.1021707367182412	2.427410794409894	2.502883513485091	0.2014101055938039	-0.008503841235450588	-0.008889400109025102	-0.002458241568904319	-0.002251757433992517	6.057208833051795	-3.414601000000000	165.2900000000000	3805207811.233023
1.318284177834683	0.7448944477310628	0.1048532029364553	2.427739707338623	2.500902727202453	0.2022634513642199	-0.008530336987341640	-0.008898536575280171	-0.002427177584021352	-0.002243534614508930	6.060910965990335	-3.414616000000000	165.3000000000000	3805207814.236173
1.348529521833684	0.7634990256189101	0.1081542078501013	2.428267795487422	2.504962060555189	0.2019838755344534	-0.008622615295978516	-0.008912241274468364	-0.002452759689219675	-0.002275512245968643	6.063938821114342	-3.414631000000000	165.3200000000000	3805207817.231923
1.379302039916661	0.7822150682560670	0.1109316932942537	2.435343990539756	2.499305672341307	0.2021629502726447	-0.008519373227919605	-0.008878436349621200	-0.002507578486097855	-0.002265462133206434	6.066069466287373	-3.427430000000000	170.0700000000000	3805207820.236540
1.410181454854085	0.8006241256858756	0.1137292789594473	2.430447756834775	2.505055252442989	0.2020249896245425	-0.008559573679308654	-0.008859249770619772	-0.002503010253036413	-0.002274598599361040	6.070195535639727	-3.427449000000000	170.0800000000000	3805207823.232176
1.439826534007455	0.8182739430467006	0.1176150176203751	2.433799926540651	2.508848713450345	0.2011250479340502	-0.008549523566433077	-0.008962491838638157	-0.002479255441064860	-0.002217952509239413	6.071822756572143	-3.427477000000000	170.1000000000000	3805207826.237077
1.469732916263198	0.8361768403390489	0.1224217119645098	2.429672984737593	2.503861116157345	0.2025877958282529	-0.008539473453563160	-0.008912241274578691	-0.002507578486143265	-0.002251757434033367	6.072409323461068	-3.427484000000000	170.1200000000000	3805207829.236921
1.503583509690196	0.8562514745762725	0.1258981369666880	2.427855741496750	2.503116494353852	0.2009943964691046	-0.008554091799543811	-0.008905845748229316	-0.002460068862163884	-0.002216125216031962	6.076048414436241	-3.427497000000000	170.1400000000000	3805207832.232976
1.538748840502552	0.8766541077271798	0.1292758881325606	2.432825979872270	2.508238398631831	0.2012063623972360	-0.008612565183213522	-0.008860163417208170	-0.002423522997547355	-0.002283735065539816	6.078490616350070	-3.439980000000000	175.1700000000000	3805207835.236703
1.574549155981489	0.8972120606623575	0.1326737395137408	2.433774345291527	2.506923660455835	0.2006380743097711	-0.008563228265659729	-0.008881177289456038	-0.002451846042616097	-0.002256325667047523	6.078539040063055	-3.439994000000000	175.1800000000000	3805207838.232688
1.614956076602329	0.9204643561440811	0.1355681716577126	2.434608504622676	2.509999910004837	0.2016028849640453	-0.008594292250757758	-0.008875695409769032	-0.002494787433517103	-0.002257239313702971	6.082941033714340	-3.440003000000000	175.1900000000000	3805207841.237232
1.654269363340846	0.9427098134646954	0.1396457760234640	2.437574202529373	2.508835923874434	0.2025302361086448	-0.008596119544005023	-0.008852854244252827	-0.002424436644191519	-0.002261807546763864	6.084020974846438	-3.440015000000000	175.2100000000000	3805207844.233661
1.694854446535221	0.9657382655124075	0.1432601615972429	2.435146643034314	2.508097696943715	0.2016101941100482	-0.008514804994842352	-0.008967060071757328	-0.002430832170478131	-0.002225261682187095	6.086507946004677	-3.440032000000000	175.2300000000000	3805207847.237485
1.737032016184535	0.9887648902236003	0.1478640263219541	2.434581095674130	2.508073941893188	0.2022579694910108	-0.008556832739362173	-0.008862904357114530	-0.002444536869709235	-0.002240793674652500	6.088380026763410	-3.452472000000000	180.6300000000000	3805207850.235744
1.780406463585711	1.011705632159547	0.1518612297567517	2.435392414095948	2.508060237550811	0.2029139676294648	-0.008600687777103858	-0.008894881988820188	-0.002460982508773637	-0.002262721193405878	6.088741834524697	-3.452488000000000	180.6500000000000	3805207853.233310
1.826524592249841	1.035419318738976	0.1562312009456456	2.434617641584999	2.508562742924332	0.2024982585224594	-0.008625356235832504	-0.008952441725823110	-0.002454586982445120	-0.002232570855090474	6.093551318897986	-3.452502000000000	180.6600000000000	3805207856.232997
1.870911362268616	1.057011518877818	0.1608844025360979	2.436299665733446	2.509933213566336	0.2017335364377159	-0.008568710145370704	-0.008890313755642150	-0.002475600854607799	-0.002254498373814566	6.102013599381332	-3.452512000000000	180.6700000000000	3805207859.233290
1.906132432399741	1.071943238371965	0.1642804265409614	2.436024657821999	2.508434832374778	0.2016439990742055	-0.008605256010219739	-0.008965232778492939	-0.002476514501187459	-0.002262721193436242	6.107020433730742	-3.452522000000000	180.7000000000000	3805207862.232971
1.928757059575402	1.077865492900672	0.1676444729123851	2.433262703048087	2.505272700592841	0.2017828732895416	-0.008629924468953876	-0.008925945973881194	-0.002448191456143460	-0.002241707321282424	6.109348428947160	-3.465084000000000	186.6200000000000	3805207865.233553
1.950685488514288	1.082545188626941	0.1692406133222997	2.439040606209011	2.509583286771629	0.2018331238890423	-0.008587896724422686	-0.008840976838171876	-0.002473773561379140	-0.002209729689732172	6.112531606057967	-3.465097000000000	186.6400000000000	3805207868.232305
1.973766939695053	1.087933873788166	0.1720592127296012	2.432637768459183	2.507297342128042	0.2016750630348506	-0.008614392476437836	-0.008869299883401273	-0.002432659463725609	-0.002254498373861041	6.113386788088446	-3.465109000000000	186.6500000000000	3805207871.232640
2.007789308288868	1.100131963920524	0.1757640492171132	2.441099966166582	2.497674812245537	0.2020195077435754	-0.008541300746833978	-0.008802603680154958	-0.002424436644161149	-0.002237139088234407	6.112077519078327	-3.465130000000000	186.6700000000000	3805207874.233929
2.039334781981933	1.111268397196581	0.1792505241855052	2.430080470747833	2.504814963283021	0.2010592653321758	-0.008529423340793020	-0.008893968342166143	-0.002430832170493449	-0.002259066606956345	6.109364874675482	-3.465141000000000	186.6900000000000	3805207877.237840
2.061747445474497	1.116748446980018	0.1821294242416410	2.452165143134840	2.545001725789247	0.2059938698805655	-0.008484654656345922	-0.008879349996159261	-0.002437227696783291	-0.002275512245990680	6.105140129914060	-3.477812000000000	193.2200000000000	3805207880.237848
2.081107616186272	1.121065425178135	0.1837666787202548	2.413433824251231	2.463845205988761	0.1991515715696121	-0.008550437213000353	-0.008880263642788185	-0.002486564613963127	-0.002251757434006492	6.103670057504655	-3.477823000000000	193.2500000000000	3805207883.236942
2.097840139631741	1.124558294522947	0.1850412155555049	2.428664319356462	2.437031494263560	0.1930383630697372	-0.008553178152858155	-0.008824531199086527	-0.002426263937388463	-0.002262721193385190	6.101305516189606	-3.477832000000000	193.2600000000000	3805207886.237467
2.106274011288431	1.124311610054419	0.1867250660119172	2.438656874413363	2.496751115434679	0.2006709655800065	-0.008557746385982433	-0.008872040823273379	-0.002479255441061638	-0.002241707321256373	6.099953305397690	-3.477843000000000	193.2800000000000	3805207889.238010
2.108279465560210	1.121748832520454	0.1875016655115102	2.439824515084967	2.499618139490107	0.2029751819640681	-0.008582414844717065	-0.008863818003654034	-0.002481082734269335	-0.002280994125687960	6.099156597461813	-3.477857000000000	193.3000000000000	3805207892.232342
2.112539799637651	1.121311196000417	0.1881805048382859	2.428850702141375	2.478658164426167	0.1973580835378090	-0.008565969205554531	-0.008827272138859825	-0.002479255441053848	-0.002244448261109571	6.098717128956991	-3.490200000000000	200.2700000000000	3805207895.237670
2.118358814829885	1.123304771964378	0.1893517996215205	2.437357668388725	2.504530819248193	0.2024790719252236	-0.008545868979961806	-0.008844631424715348	-0.002441795929835593	-0.002215211569426780	6.099945996133445	-3.490211000000000	200.3000000000000	3805207898.233259
2.118887816212145	1.123430855137175	0.1897565450063876	2.431812745566334	2.499704022342909	0.2006289378755892	-0.008535818867113491	-0.008881177289434636	-0.002480169087688051	-0.002229829915268434	6.099173043257487	-3.490221000000000	200.3200000000000	3805207901.233490
2.117338271575700	1.123871232595786	0.1902800644317127	2.434542722194517	2.499862083213110	0.2015106066911273	-0.008512064054979392	-0.008874781763080149	-0.002437227696781944	-0.002213384276197837	6.101362162720788	-3.490233000000000	200.3400000000000	3805207904.232743
2.113207675299698	1.124017415984539	0.1893920000624809	2.431030663638299	2.499184157010571	0.2017088679502227	-0.008545868979945300	-0.008868386236742102	-0.002467378035061082	-0.002229829915251509	6.099790674632191	-3.490242000000000	200.3500000000000	3805207907.234588
2.106782912442019	1.123820982055904	0.1890658282707961	2.434330756130031	2.501252653983955	0.2020807220898307	-0.008515718641452631	-0.008882090936106306	-0.002484737320762408	-0.002235311794956304	6.104609295760030	-3.502813000000000	208.2000000000000	3805207910.237151
2.096559207117662	1.122610400867841	0.1874916153957250	2.433871191858162	2.497146724434181	0.2032574987081164	-0.008590637664284799	-0.008782503454556473	-0.002490219200441408	-0.002206988749887029	6.104316012305704	-3.502821000000000	208.2200000000000	3805207913.237088
2.085245521513355	1.121413524372523	0.1855994535490074	2.430473339240457	2.497634611578332	0.2021346272209181	-0.008571451085265528	-0.008885745522664969	-0.002537728824417298	-0.002238052734810590	6.104544426279209	-3.502829000000000	208.2600000000000	3805207916.235909
2.069627647058006	1.117918827735887	0.1841029006179812	2.430313451266629	2.497681207999419	0.2023073063811873	-0.008571451085260110	-0.008889400109010246	-0.002391545366028808	-0.002239880028011310	6.106386356431667	-3.502837000000000	208.2700000000000	3805207919.237038
2.049491790609677	1.112725662852402	0.1814706851255513	2.428890903199604	2.495444599401047	0.2016439990651515	-0.008603428716968703	-0.008898536575213396	-0.002433573110313072	-0.002244448261081112	6.107283566547868	-3.502849000000000	208.2900000000000	3805207922.233263
2.027191505870482	1.106794271857401	0.1787617233167052	2.430353651418618	2.495505814360390	0.2021337135593183	-0.008522114167814189	-0.008854681537539304	-0.002450018749400592	-0.002249016494199236	6.110529785992950	-3.515245000000000	216.8800000000000	3805207925.237773
1.995982254385366	1.095770217062756	0.1745607768002892	2.429133018645661	2.496590313441125	0.2010254603924539	-0.008529423340765438	-0.008855595184107886	-0.002460982508781983	-0.002245361907705102	6.112810271112500	-3.515253000000000	216.9100000000000	3805207928.233570
1.967375982482353	1.086836584727642	0.1719623662012366	2.427397090221280	2.493754352652468	0.2010656608283401	-0.008565969205553711	-0.008854681537475741	-0.002467378035054900	-0.002199679576968612	6.113840875090513	-3.515260000000000	216.9500000000000	3805207931.233687
1.941736321298666	1.080242800257102	0.1688276451084821	2.429979056495522	2.493272861556025	0.2022817242831715	-0.008618960709523440	-0.008985333004160321	-0.002433573110322194	-0.002244448261076807	6.117114504226565	-3.515267000000000	216.9700000000000	3805207934.239009
1.914424687597474	1.073183969882287	0.1658290573389003	2.428344541694466	2.496035729651201	0.2021346272000778	-0.008625356235862009	-0.008881177289497928	-0.002452759689241175	-0.002249930140767086	6.117793350582988	-3.515278000000000	216.9900000000000	3805207937.231984
1.872490143326129	1.056572968712084	0.1613457940143351	2.429229865852083	2.494289750138338	0.2017216590452957	-0.008545868979911494	-0.008888486462386231	-0.002480169087683217	-0.002248102847557218	6.118614727250252	-3.527837000000000	226.7000000000000	3805207940.234052
1.809191806568109	1.025993231110101	0.1551731983023833	2.426503543202237	2.493042622092945	0.2015526344029401	-0.008554091799496798	-0.008902191161724199	-0.002452759689200871	-0.002227088975374662	6.120778264547108	-3.527845000000000	226.7400000000000	3805207943.235199
1.735701747191956	0.9875086267218242	0.1470883404404874	2.429324884754127	2.495468354818175	0.2017097816165315	-0.008536732513739164	-0.008850113304358538	-0.002491132847072920	-0.002232570855120037	6.123585929345433	-3.527857000000000	226.7800000000000	3805207946.233927
1.654601930724892	0.9426851450094361	0.1397234359761252	2.427054472728369	2.492807815029602	0.2019692571945606	-0.008552264506259535	-0.008870213530007824	-0.002437227696771464	-0.002259980253518282	6.120063785596606	-3.527863000000000	226.8100000000000	3805207949.238915
1.561770899313412	0.8898809636196845	0.1301575570176710	2.424054969649460	2.491936195692299	0.2011853485200561	-0.008565969205543684	-0.008858336123973779	-0.002493873786905182	-0.002277339539236002	6.121446147058981	-3.527868000000000	226.8200000000000	3805207952.233318
1.465491770524947	0.8334496064135080	0.1207607025921949	2.426526384677229	2.492848928880301	0.2012228080451582	-0.008677434093193871	-0.008961578192032461	-0.002476514501222407	-0.002243534614479924	6.116146942615729	-3.540422000000000	237.8800000000000	3805207955.232274
1.374804159677417	0.7793069323436475	0.1116087053716043	2.426394819236990	2.493186064747606	0.2030437054933310	-0.008615306123042388	-0.008934168793375177	-0.002440882283239553	-0.002229829915251782	6.120477671737073	-3.540430000000000	237.9200000000000	3805207958.233397
1.288555044170966	0.7271486971779587	0.1038445371623299	2.427093758629427	2.494163667079544	0.2012593539065839	-0.008549523566404729	-0.008869299883433733	-0.002481996380896839	-0.002238052734780224	6.121776890534555	-3.540434000000000	237.9600000000000	3805207961.234002
1.216845695480518	0.6840163723998298	0.09720324050219892	2.425544214068867	2.491118481632531	0.2013178272538581	-0.008647283754707163	-0.008887572815778918	-0.002466464388481679	-0.002217952509235643	6.119634367340748	-3.540439000000000	237.9900000000000	3805207964.238517
1.157530871544532	0.6488300284332014	0.09148655410572328	2.424113443140580	2.492369264631680	0.2011890031127245	-0.008554091799468406	-0.008848286011114176	-0.002470118974941430	-0.002244448261097219	6.118789235584789	-3.540448000000000	238.0200000000000	3805207967.234496
1.100746847803355	0.6137112938388419	0.08670361445290452	2.424057710461968	2.492050401462653	0.2023063927632477	-0.008530336987377034	-0.008857422477323287	-0.002458241568937381	-0.002198765930352130	6.116069281849024	-3.552761000000000	250.4100000000000	3805207970.237820
1.033444929341719	0.5691801748937807	0.07960732171844410	2.424370177714634	2.492105220359787	0.2016184169289682	-0.008529423340744887	-0.008861990710475885	-0.002451846042622814	-0.002268203073092418	6.116801120250772	-3.552768000000000	250.4600000000000	3805207973.239466
0.9699364697110280	0.5267897284062689	0.07362202315571055	2.421675833021989	2.492342768946959	0.2045219854317049	-0.008595205897419085	-0.008892141048937026	-0.002412559238195524	-0.002237139088208621	6.116382665844254	-3.552771000000000	250.5000000000000	3805207976.238410
0.9190536864216936	0.4922219207682182	0.06931600693112124	2.423466580982924	2.488770409073158	0.2019930120027905	-0.008602515070393609	-0.008898536575234721	-0.002460982508784940	-0.002280994125640395	6.117706553284791	-3.552780000000000	250.5300000000000	3805207979.237555
0.8641216228756595	0.4531480088863027	0.06273775169521743	2.421326819801513	2.492050401551078	0.2019902710400032	-0.008530336987341389	-0.008892141048914845	-0.002469205328308028	-0.002270944012880865	6.112816666741337	-3.552786000000000	250.5500000000000	3805207982.232335
0.8065792716262400	0.4121600071566232	0.05792374794203025	2.420656203346171	2.494587598850804	0.2021602093349208	-0.008607083303445957	-0.008809912853064898	-0.002475600854624455	-0.002238052734776742	6.111288120400197	-3.565459000000000	265.4300000000000	3805207985.239148
0.7638114926152366	0.3816369099305316	0.05376391511623382	2.423365166307710	2.489271087860645	0.2032520168273668	-0.008548609919820078	-0.008880263642879813	-0.002499355666611327	-0.002256325667117913	6.110730790300408	-3.565466000000000	265.4900000000000	3805207988.234703
0.7382732535850995	0.3640428219461603	0.05139574320234049	2.420984203213459	2.488770409062989	0.2022031507057854	-0.008555919092744366	-0.008899450221868303	-0.002443623223083621	-0.002281907772308737	6.103787005448480	-3.565471000000000	265.5300000000000	3805207991.235845
0.7257051361712379	0.3556683393308428	0.05046656463874737	2.421101149490939	2.490827942365214	0.2002104877606780	-0.008576932965060610	-0.008818135672683145	-0.002495701080140298	-0.002252671080642855	6.101079843085003	-3.565480000000000	265.5600000000000	3805207994.239128
0.7219555320722761	0.3529749098268753	0.04941952566873312	2.424077810518076	2.493150432695431	0.2006928931071291	-0.008545868979869600	-0.008823617552397914	-0.002455500629082292	-0.002230743561881964	6.095355789095376	-3.565486000000000	265.6000000000000	3805207997.238519
0.7239500217776574	0.3540338259723401	0.04897732072821710	2.419938990500385	2.488310844669765	0.2013635095738861	-0.008515718641445026	-0.008903104808373873	-0.002485650967368678	-0.002247189200971380	6.089934155317921	-3.577793000000000	282.8000000000000	3805208000.238870
0.7308453098157369	0.3584503925286145	0.04900747106807590	2.422509078780927	2.494052202125701	0.2021574683771715	-0.008468209017257462	-0.008876609056396381	-0.002481082734301855	-0.002241707321261486	6.087129231960235	-3.577798000000000	282.8500000000000	3805208003.233017
0.7449510937961807	0.3682236677142718	0.05037794092371096	2.420841673490795	2.488351958623249	0.2020898585137887	-0.008526682400918991	-0.008860163417210241	-0.002481082734285719	-0.002238966381418205	6.089365861401006	-3.577807000000000	282.9000000000000	3805208006.239037
0.7691216044061625	0.3849735464271410	0.05289412358156610	2.418131796716706	2.495676666433172	0.2018194191837802	-0.008533077927228091	-0.008850113304399589	-0.002476514501230197	-0.002249930140766265	6.092292301083702	-3.577810000000000	282.9300000000000	3805208009.235072
0.8056793301229835	0.4110819044831627	0.05649389106220777	2.418625165707309	2.452266559695611	0.2007888260017466	-0.008534905220472944	-0.008876609056349330	-0.002474687207976542	-0.002242620967890861	6.092763747510412	-3.577817000000000	283.0000000000000	3805208012.238566
0.8539372087481129	0.4455154075076497	0.06136088631713885	2.432444989050758	2.488591334096149	0.2022899470860325	-0.008587896724464292	-0.008850113304367661	-0.002497528373364128	-0.002255412020508671	6.088023701034706	-3.590240000000000	304.2600000000000	3805208015.238058
0.9042471363062213	0.4815752003586153	0.06714975093518248	2.424369264220039	2.491882290899710	0.2021583820139437	-0.008548609919774434	-0.008929600560296324	-0.002450018749409470	-0.002229829915286162	6.086275877486472	-3.590245000000000	304.3400000000000	3805208018.237075
0.9520363137013748	0.5141439500812786	0.07130410184046825	2.417270227939607	2.492465197184077	0.2015023838948510	-0.008608910596671095	-0.008936909733263297	-0.002429918523853314	-0.002268203073074425	6.083052499734995	-3.590268000000000	304.5500000000000	3805208021.233365
1.007374035615167	0.5513485405287225	0.07705367960820743	2.423039907977111	2.492769442031537	0.2025466817634446	-0.008582414844682185	-0.008845545071268546	-0.002513974012428294	-0.002228916268646045	6.082235691379220	-3.590272000000000	304.6900000000000	3805208024.238243
1.069846420392890	0.5935096613813019	0.08336240903681018	2.419313142450243	2.494506284554605	0.2016366898925913	-0.008545868979920435	-0.008840976838148877	-0.002495701080145136	-0.002248102847593239	6.083255331314873	-3.590280000000000	304.7700000000000	3805208027.237514
1.122508986146316	0.6274479652838484	0.08833812812123126	2.422899206337008	2.495630070481913	0.2019327113541854	-0.008627183529070919	-0.008904932101580373	-0.002471946268159068	-0.002250843787401816	6.082562780293372	-3.602770000000000	332.7200000000000	3805208030.237530
1.170772345662786	0.6562981728304459	0.09291458364885324	2.423455617857435	2.493985505522866	0.2013077771508268	-0.008576932964986579	-0.008853767890896015	-0.002478341794487609	-0.002225261682206986	6.082533543258188	-3.602775000000000	332.8300000000000	3805208033.238662
1.227518910242034	0.6903936231129280	0.09852894162697806	2.423114826458091	2.494773069692894	0.2019427614574558	-0.008571451085298278	-0.008842804131430447	-0.002455500629081477	-0.002240793674629940	6.079754202237293	-3.602783000000000	332.8800000000000	3805208036.237825
1.290876619153938	0.7281473125010431	0.1043817613264633	2.424908315340344	2.491725144532893	0.2017655140432463	-0.008557746385957314	-0.008878436349575214	-0.002509405779367097	-0.002217038862662422	6.077539500673140	-3.602789000000000	332.9300000000000	3805208039.238122
1.372024847883543	0.7775911047648076	0.1120426874706238	2.421928913192313	2.492750254948570	0.2017481547172570	-0.008562314619096489	-0.008877522703036102	-0.002481996380898729	-0.002219779802479355	6.079595226163471	-3.602795000000000	333.0200000000000	3805208042.233719
1.463878271273710	0.8325524058442857	0.1214020824476479	2.423722402038406	2.496208409005734	0.2013625959504770	-0.008708498078218928	-0.009069388493246769	-0.002481996380905702	-0.002259980253556444	6.073353129959197	-3.615255000000000	374.9300000000000	3805208045.233764
1.562426897348219	0.8900929295347872	0.1307468590160674	2.421102063227047	2.494177372473943	0.2012977270597028	-0.008728598303883065	-0.008976196537962553	-0.002439054989998783	-0.002275512245999001	6.067185953588996	-3.615262000000000	375.0900000000000	3805208048.234547
1.662394420171642	0.9469728865486033	0.1406928149126697	2.422533747979118	2.494974985689734	0.2021821368251357	-0.008607996950045167	-0.008928686913687391	-0.002447277809548743	-0.002241707321250198	6.062613106620128	-3.615265000000000	375.2200000000000	3805208051.235708
1.758737512843625	0.9997898586779285	0.1505501470314567	2.423716006868998	2.494887275361592	0.2018815471153813	-0.008648197401334988	-0.008892141048926173	-0.002469205328287318	-0.002259980253558315	6.058572007343202	-3.615276000000000	375.3500000000000	3805208054.240261
1.847243351914553	1.044727546006766	0.1595851972235608	2.422949456816206	2.496667059724037	0.2029596499796167	-0.008615306122989656	-0.008969801011574787	-0.002497528373353639	-0.002271857659561013	6.062349973828796	-3.615278000000000	375.4800000000000	3805208057.238799
1.912848647513217	1.072650400514126	0.1665179467887835	2.422850783095704	2.496701778495576	0.2017280545223037	-0.008565055558925913	-0.008898536575257703	-0.002504837546269920	-0.002228916268643096	6.066924648030499	-3.627906000000000	441.5500000000000	3805208060.238555
1.958704563716960	1.086464730733022	0.1721560592551230	2.423461099307397	2.497453709560351	0.2018979927958147	-0.008565969205581545	-0.008835494958456492	-0.002475600854603766	-0.002256325667067139	6.063936080047109	-3.627908000000000	441.8300000000000	3805208063.233222
2.007154324010690	1.101341631461528	0.1773793761945262	2.423727884274816	2.495831072670280	0.2022479193825782	-0.008599774130476873	-0.008956096312277100	-0.002483823674139465	-0.002218866155867730	6.063579754335726	-3.627916000000000	442.0400000000000	3805208066.235040
2.052676762521235	1.114070550028389	0.1825597517279565	2.424478901634819	2.496381088218578	0.2025539909189387	-0.008597946837232830	-0.008933255146782207	-0.002473773561376717	-0.002228916268647388	6.060999590600405	-3.627923000000000	442.2500000000000	3805208069.233243
2.091829258801727	1.122056731283044	0.1871617890215817	2.418489945839982	2.507919535424007	0.2007413163699659	-0.008671952213475522	-0.008912241274559187	-0.002472859914770436	-0.002245361907702398	6.059620884091501	-3.627928000000000	442.4200000000000	3805208072.234730
2.123080540505296	1.124719096250576	0.1904920304135802	2.439924102515589	2.504152568782503	0.1981721425740202	-0.008555005446132757	-0.008880263642847342	-0.002426263937416150	-0.002249016494173431	6.060877160707749	-3.640570000000000	503.4800000000000	3805208075.238679
2.145255657483087	1.122336307013974	0.1938487675478256	2.431859341666238	2.489748011104282	0.2023593842606231	-0.008613478829806143	-0.008872040823318023	-0.002429918523853060	-0.002273684952731919	6.054384723243657	-3.640574000000000	503.7500000000000	3805208078.233806
2.169798947030163	1.121171408134931	0.1968884693482528	2.422734749894159	2.498954831587145	0.2015754755630546	-0.008547696273197927	-0.008891227402299405	-0.002461896155392820	-0.002250843787378204	6.050449608187235	-3.640580000000000	503.9700000000000	3805208081.238622
2.192009697175235	1.118994189289098	0.1994978436524763	2.423254615502906	2.495424499719908	0.2032538441031276	-0.008565969205562594	-0.008841890484817788	-0.002482910027531605	-0.002261807546741041	6.049127548597964	-3.640584000000000	504.1100000000000	3805208084.239113
2.209227368682829	1.114470727054856	0.2016421719070904	2.436281391848289	2.494075043805144	0.2008756223993475	-0.008594292250788272	-0.008876609056387428	-0.002500269313219481	-0.002217952509285628	6.045989141224972	-3.640593000000000	504.2400000000000	3805208087.239698
2.222849840741985	1.108635268908212	0.2036256983787080	2.426206608141535	2.497409854819154	0.2022086325755675	-0.008551350859669286	-0.008910413981303291	-0.002471032621567578	-0.002225261682220421	6.046433177950673	-3.652833000000000	556.3300000000000	3805208090.239134
2.234761052713063	1.102215077208218	0.2060834073576286	2.425561573250375	2.498853416633350	0.2011634210363007	-0.008568710145482047	-0.008993555823803222	-0.002437227696797263	-0.002262721193363968	6.044275123251401	-3.652840000000000	556.7800000000000	3805208093.238302
2.244388148043051	1.095571955841894	0.2068627477950351	2.425504927195017	2.498267768973243	0.2011661619794030	-0.008621701649373375	-0.009081265899317965	-0.002420782057713221	-0.002270030366295829	6.042801396627912	-3.652843000000000	557.0300000000000	3805208096.233637
2.250595463805889	1.087776726645427	0.2090015941555084	2.428025679197574	2.498616782090445	0.1981904154233134	-0.008605256010209226	-0.008933255146797343	-0.002481082734297824	-0.002303835291038731	6.045719612817872	-3.652849000000000	557.2400000000000	3805208099.239142
2.256366056475309	1.080581762989337	0.2092007690828179	2.424333632147778	2.498416693605378	0.2017700822757851	-0.008551350859685518	-0.008886659169227578	-0.002500269313204974	-0.002239880028011028	6.042485271873282	-3.652857000000000	557.4299999999999	3805208102.237717
2.260223472936052	1.073511055214154	0.2096320102110151	2.424591280672072	2.498434966396351	0.2005457960028198	-0.008554091799507366	-0.008936909733334077	-0.002489305553826534	-0.002217952509318126	6.038732888089086	-3.665167000000000	608.0000000000000	3805208105.238387
2.262522208095817	1.066792101217998	0.2106452441338104	2.426073215291307	2.500402048235473	0.2015316205996077	-0.008603428717036043	-0.008881177289468502	-0.002510319425957517	-0.002236225441550754	6.034682652701950	-3.665171000000000	608.5300000000000	3805208108.235232
2.264543194655800	1.061524930999401	0.2108608646997509	2.426703631815968	2.500319820249604	0.2006316787810269	-0.008533077927236444	-0.008851940597647146	-0.002513060365799434	-0.002220693449132105	6.034296176302735	-3.665176000000000	608.8300000000000	3805208111.235145
2.265851536771798	1.057681221526731	0.2115890409269258	2.425145863897285	2.497723235546633	0.2017682549818675	-0.008554091799528955	-0.008925032327192288	-0.002443623223087104	-0.002230743561867992	6.032906506112998	-3.665180000000000	609.0500000000000	3805208114.238918
2.270258968602481	1.056723720331720	0.2118539983991685	2.425895054257596	2.499128424581317	0.2025786594008978	-0.008541300746816390	-0.008867472590201346	-0.002490219200438190	-0.002249016494145501	6.036467022126217	-3.665189000000000	609.2500000000000	3805208117.238461
2.273648597987884	1.056308924966705	0.2122258525065856	2.427030717239242	2.498983154899832	0.2019317977187147	-0.008523941461167457	-0.008835494958539414	-0.002436314050179429	-0.002300180704593769	6.037167795972763	-3.677695000000000	665.5700000000000	3805208120.238851
2.272423397715745	1.054973174253804	0.2119060762478832	2.424764873081373	2.502622210009688	0.2017207454417060	-0.008517545934756650	-0.008855595184207411	-0.002454586982477901	-0.002231657208481248	6.034763054349017	-3.677702000000000	666.0599999999999	3805208123.239359
2.270420684073767	1.054614111305666	0.2117169514284601	2.430018341113585	2.498441362804882	0.2019948393854447	-0.008497445709093079	-0.008868386236772632	-0.002422609350949955	-0.002273684952727894	6.028167374561636	-3.677705000000000	666.4000000000000	3805208126.238934
2.271307835052424	1.057162270497373	0.2116091411489749	2.428190136095839	2.498165440754337	0.2016915086981013	-0.008529423340775168	-0.008820876612577156	-0.002465550741821397	-0.002230743561868532	6.029397154988242	-3.677714000000000	666.7200000000000	3805208129.237511
2.271336158101524	1.060564688865880	0.2114976762810603	2.425276516153533	2.501942454669508	0.2023191836607579	-0.008535818867151053	-0.008877522702974970	-0.002467378035085256	-0.002268203073048899	6.022647981162393	-3.677719000000000	667.0599999999999	3805208132.239203
2.267729994448001	1.063563275623466	0.2112400279799959	2.427360543930625	2.497263671511182	0.2014283784929558	-0.008561400972451335	-0.008867472590180767	-0.002488391907191247	-0.002252671080634258	6.020475308190735	-3.690623000000000	729.3600000000000	3805208135.238474
2.266152126544962	1.068849632411804	0.2112171868189075	2.427955327929192	2.499928779142221	0.2015846120433542	-0.008567796498812097	-0.008842804131425316	-0.002445450516306354	-0.002260893900182857	6.018921180102825	-3.690628000000000	729.9200000000000	3805208138.235279
2.262636413937120	1.074369882621889	0.2100714741571348	2.425782675838808	2.500180032044831	0.2023959300699812	-0.008502013942190053	-0.008903104808345542	-0.002464637095222645	-0.002242620967863969	6.018455215757863	-3.690631000000000	730.2700000000000	3805208141.239068
2.258381561142469	1.080331423936419	0.2093780164962402	2.427051731693110	2.497577051891154	0.2006316787243253	-0.008549523566395477	-0.008921377740714003	-0.002445450516326259	-0.002275512245982347	6.024857200369504	-3.690640000000000	730.6799999999999	3805208144.240606
2.255484387389771	1.087840681877936	0.2089623073571757	2.425859422180445	2.500857044679723	0.2019025610427246	-0.008544955333311790	-0.008799862740288730	-0.002443623223089267	-0.002235311794961679	6.024245964762279	-3.690642000000000	730.9700000000000	3805208147.240171
2.249634307463500	1.094826420560017	0.2077170072346879	2.428422201648659	2.499431755267691	0.2022077189341682	-0.008547696273177138	-0.008903104808407168	-0.002483823674145925	-0.002260893900154646	6.018915698163232	-3.703086000000000	798.2800000000000	3805208150.234569
2.243022246213534	1.102019556925948	0.2065859129168145	2.427279229874536	2.500745579044735	0.2019774799264726	-0.008606169656827894	-0.008804430973382248	-0.002457327922319290	-0.002261807546764418	6.020933049684093	-3.703090000000000	798.9900000000000	3805208153.239302
2.232501604423699	1.108146468202364	0.2049998226586303	2.426650640230780	2.503994508967764	0.2020597083004435	-0.008590637664317811	-0.008829099432105466	-0.002484737320758116	-0.002250843787382488	6.020957718337407	-3.703095000000000	799.4700000000000	3805208156.238250
2.219031711233537	1.113368869762616	0.2032163847619418	2.426236758305614	2.499494796778783	0.2010647471452462	-0.008613478829810256	-0.008840063191572886	-0.002445450516340224	-0.002270030366318373	6.021960912170390	-3.703101000000000	799.9500000000000	3805208159.240057
2.204958811409274	1.118996016581491	0.2014950748288826	2.427210706195859	2.500794002260916	0.2018185055110196	-0.008572364731920912	-0.008849199657811240	-0.002436314050170299	-0.002252671080670795	6.019933510463972	-3.703104000000000	800.2900000000000	3805208162.234684
2.187359235669973	1.123214320992603	0.1988719958245924	2.427149491767200	2.500710860942423	0.2021117860510179	-0.008576019318391432	-0.008870213530085365	-0.002417127471257517	-0.002249016494182579	6.019394453664527	-3.715451000000000	884.5800000000000	3805208165.239811
2.163826438928074	1.124254050345088	0.1961164380810275	2.426806873956230	2.500074962716246	0.2016668402425060	-0.008545868979905252	-0.008847372364530721	-0.002486564613981926	-0.002251757434004072	6.014812471114668	-3.715457000000000	885.5200000000000	3805208168.234874
2.140909440506753	1.125613555860571	0.1934677769704757	2.426278786285447	2.499918729018506	0.2024617126308706	-0.008575105671726032	-0.008847372364493089	-0.002476514501218633	-0.002293785178255022	6.012997951160748	-3.715461000000000	886.2800000000000	3805208171.234453
2.114968272323356	1.125291038759110	0.1901430174631303	2.428404842409291	2.499393382291475	0.2020852903005415	-0.008563228265658871	-0.008816308379483200	-0.002479255441066196	-0.002263634840005435	6.014566697717344	-3.715467000000000	886.8000000000000	3805208174.239887
2.082079736181695	1.120600379272854	0.1859877533015255	2.425892313712758	2.499875787748021	0.2018057144810754	-0.008557746385981871	-0.008801690033516829	-0.002455500629055681	-0.002223434388978332	6.016392181493167	-3.715471000000000	887.2300000000000	3805208177.238100
2.041759599951702	1.110523775560751	0.1808457509335937	2.427173246285496	2.500131608906959	0.2014219829766016	-0.008571451085306133	-0.008909500334647319	-0.002427177584013814	-0.002209729689749901	6.016711960982790	-3.727861000000000	999.6400000000000	3805208180.241466
1.990155930651584	1.093053946973499	0.1753346353688733	2.426789514883654	2.498952090787697	0.2017801324058594	-0.008566882852236947	-0.008843717778106466	-0.002476514501229401	-0.002211556982947417	6.015626538182406	-3.727868000000000	1001.100000000000	3805208183.237902
1.950693711358566	1.082863137497100	0.1710377559613161	2.425664814675761	2.504973937670361	0.2025412000200953	-0.008572364731913095	-0.008920464094154838	-0.002444536869679938	-0.002250843787367986	6.019848540512962	-3.727873000000000	1001.900000000000	3805208186.236114
1.910831316128196	1.071506515498699	0.1662328890872412	2.425956268938530	2.499648289586805	0.2022314737483877	-0.008529423340726814	-0.008874781763152836	-0.002464637095220500	-0.002276425892634014	6.015244630127899	-3.727875000000000	1002.500000000000	3805208189.234735
1.854679520022415	1.048285284226613	0.1598857869219236	2.426925648148758	2.499536824669232	0.2022049780110701	-0.008614392476408590	-0.008888486462418327	-0.002512146719205514	-0.002273684952731117	6.014291687450338	-3.727880000000000	1003.100000000000	3805208192.241366
1.778504251962407	1.010495050968832	0.1528607590228794	2.426621403933638	2.499532256406674	0.2009788644577843	-0.008704843491775196	-0.008958837252193517	-0.002471946268155325	-0.002190543110800592	6.006743065448186	-2.435286000000000	77.61499999999999	3805208195.239634
1.691522378514223	0.9634833867272273	0.1439134188433678	2.426985035098583	2.501714958713251	0.2023429386177430	-0.008599774130497955	-0.008896709282068031	-0.002444536869693915	-0.002217952509304421	6.008774121644259	-0.5623370000000000	48.69700000000000	3805208198.236992
1.594204428596053	0.9083749897784181	0.1338331569331052	2.427290193189744	2.499841982512913	0.2024489215886948	-0.008624442589260102	-0.008938737026598115	-0.002485650967358457	-0.002249930140797730	6.007596419690937	-0.006246000000000000	44.27900000000000	3805208201.239168
