1.566645202144800	-0.3327442876744436	0.1631027362264462	2.063974003680410	2.529379272381807	0.1805652608145362	-0.008739562063210225	-0.008898536575210956	-0.002474687207964167	-0.002311144463994478	1.870546817411475	-0.005978000000000000	42.37900000000000	3802270514.895352
1.659950416276583	-0.2797993636027977	0.1720564717977991	1.933785774183358	2.667370134535135	0.1870137781927306	-0.008783417100967321	-0.008879349996163020	-0.002524024125179465	-0.002307489877480177	1.869524447054671	-0.005913000000000000	42.39600000000000	3802270517.891661
1.764427702522090	-0.2158541350850389	0.1815355540339791	1.991353724705077	2.651753165586226	0.1846922024469068	-0.008734080183488929	-0.008893968342103736	-0.002516714952243044	-0.002329417396264988	1.869869805397235	-0.005848000000000000	42.38700000000000	3802270520.895566
1.882896576444183	-0.1396605627874643	0.1920187336763380	2.000376896950395	2.683276726765843	0.1903878747225193	-0.008735907476727018	-0.008891227402206164	-0.002552347170236385	-0.002333985629281570	1.871084955154689	-0.005854000000000000	42.38700000000000	3802270523.892456
1.991594010571282	-0.04862115176421272	0.2011277889557796	1.990414496497735	2.649428847704980	0.1838891071838228	-0.008722202777429336	-0.008893054695461531	-0.002566051869457011	-0.002315712697028532	1.871804908534287	-0.005848000000000000	42.38700000000000	3802270526.893869
2.098890833570067	0.05682919892406540	0.2090143852142246	1.947270281439194	2.648782897887695	0.1844071447941431	-0.008745957589554208	-0.008877522702956046	-0.002564224576238026	-0.002302921644447754	1.870401547622295	-0.005843000000000000	42.38700000000000	3802270529.891762
2.186001556889249	0.1734570914176038	0.2151924625581761	1.959219864673920	2.702545548610817	0.1882079141099714	-0.008741389356452901	-0.008895795635351558	-0.002541383410832155	-0.002337640215761202	1.872523948270499	-0.1301860000000000	42.86600000000000	3802270532.895662
2.227814596883337	0.2923252348112994	0.2167191657844820	2.014902048383017	2.637847455050367	0.1825972110774448	-0.008741389356445336	-0.008843717777997766	-0.002505751192883428	-0.002350431268376898	1.872038802018881	-0.1301780000000000	42.86800000000000	3802270535.896131
2.231245340212777	0.4079828158131415	0.2135625172810454	1.970520754891258	2.680912207761605	0.1822162206549322	-0.008768798755052343	-0.008874781763083079	-0.002526765065025968	-0.002364135967586225	1.872905852482813	-0.1301710000000000	42.87000000000000	3802270538.895824
2.215219977270660	0.5192914330952260	0.2081829669367566	1.932471035835236	2.685880623307863	0.1855345846008070	-0.008748698529404993	-0.008895795635344751	-0.002544124350700150	-0.002291044238448801	1.871654156873859	-0.1301790000000000	42.86800000000000	3802270541.895845
2.192322164348280	0.6259166940130071	0.2017856144109837	1.977880179715620	2.653905719027533	0.1847250937017272	-0.008752353115881437	-0.008872954469813383	-0.002541383410827591	-0.002363222320966796	1.873619410343705	-0.1301790000000000	42.87000000000000	3802270544.895959
2.166761071932132	0.7285063753670481	0.1948345920961748	1.957049954131250	2.651024987528638	0.1864464037335077	-0.008785244394220277	-0.008892141048827233	-0.002545951643946282	-0.002365963260803619	1.873399221551252	-0.2546210000000000	43.38100000000000	3802270547.891447
2.143160665792914	0.8270211917043098	0.1884253621050085	1.962425849978373	2.664876792662812	0.1857218820493842	-0.008759662288848117	-0.008920464094070164	-0.002537728824402771	-0.002312971757181501	1.875292296955477	-0.2546160000000000	43.38200000000000	3802270550.896116
2.107309172935528	0.9142415119318718	0.1808092050854287	1.968323437400855	2.659447901504710	0.1855473755760658	-0.008692966085602608	-0.008844631424654014	-0.002561483636388028	-0.002325762809787781	1.875319706347945	-0.2545990000000000	43.38000000000000	3802270553.890605
2.053428693779942	0.9853560763159935	0.1715685845744064	1.956295282366273	2.668424483812016	0.1863321978964722	-0.008755094055755464	-0.008907673041384366	-0.002548692583758371	-0.002335812922548130	1.875231082641699	-0.2546010000000000	43.38000000000000	3802270556.896551
1.938014126368448	1.009698351503468	0.1564769718544781	1.961414443296756	2.662152296279830	0.1854560109321712	-0.008801690033375236	-0.008934168793364358	-0.002566965516072411	-0.002327590103007311	1.876394154542050	-0.2546150000000000	43.38100000000000	3802270559.896790
1.703888584005156	0.9406404047469810	0.1307450316986069	1.963767996671621	2.658605518219725	0.1855811804910048	-0.008749612176028225	-0.008902191161697166	-0.002501182959831377	-0.002373272433766387	1.878529346256944	-0.3796710000000000	43.93000000000000	3802270562.896803
1.278142219981123	0.7123138225635431	0.08964190168938900	1.957818330726619	2.662935292418343	0.1858872520614062	-0.008731339243631665	-0.008862904357044572	-0.002515801305667145	-0.002292871531629915	1.881247444394399	-0.3796710000000000	43.93300000000000	3802270565.891664
0.8038730497067124	0.4101737378388939	0.04600796930886331	1.957954464241766	2.663476171175234	0.1858479652723344	-0.008716720897704791	-0.008846458717885032	-0.002501182959789999	-0.002333985629360843	1.883927169382222	-0.3796760000000000	43.92900000000000	3802270568.891215
0.4367270420322764	0.1544020795707502	0.01431722378166666	1.959295697295533	2.661025770125064	0.1857821827156298	-0.008741389356441287	-0.008827272138926831	-0.002566965516059240	-0.002303835291069069	1.884521039558547	-0.3796890000000000	43.93100000000000	3802270571.895566
0.2747612963343953	0.03817070887138199	0.001680577585189950	1.964261365707706	2.658103926281714	0.1856606677302551	-0.008806258266464369	-0.008943305259654586	-0.002552347170239068	-0.002327590103006253	1.882974236142212	-0.3796880000000000	43.93300000000000	3802270574.896816
0.2175176927517260	-0.001679814672310675	-0.002047100594195822	1.957301206772431	2.664646553273598	0.1857894919045214	-0.008734993830112432	-0.008925032327157403	-0.002547778937153704	-0.002358654087915012	1.883240107253305	-0.5041080000000000	44.51700000000000	3802270577.892507
0.1945988713031785	-0.01603868493656648	-0.003023788825004776	1.963931539535885	2.656543416533417	0.1857118319244459	-0.008732252890250307	-0.008861990710405913	-0.002557829049915117	-0.002280994125667792	1.885860445237658	-0.5041099999999999	44.52100000000000	3802270580.895561
0.1831316944312635	-0.02231909185959070	-0.003517157997566905	2.003105959216114	2.647385018657763	0.1849270095926306	-0.008748698529400937	-0.008919550447445886	-0.002494787433500693	-0.002335812922555928	1.886599585199187	-0.5041070000000000	44.51500000000000	3802270583.896448
0.1754735096461174	-0.02544924522199211	-0.003877134764360110	1.951835773444281	2.675233895588237	0.1865194954441783	-0.008735907476724317	-0.008821790259154978	-0.002525851418393365	-0.002299267057936437	1.883000731889642	-0.5041080000000000	44.51700000000000	3802270586.895985
0.1700373130703951	-0.02738983067373417	-0.004181379087191632	1.954785024627949	2.663356482791644	0.1859164887530572	-0.008746871236165818	-0.008896709282010130	-0.002523110478567290	-0.002285562358742127	1.880444349176894	-0.5041060000000001	44.51500000000000	3802270589.896004
0.1659432631640555	-0.02857939859365367	-0.004124732997296747	1.962847954737186	2.673386502303972	0.1867935893598781	-0.008714893604467510	-0.008880263642837673	-0.002501182959801825	-0.002314799050429784	1.878580510450984	-0.6296349999999999	45.14500000000000	3802270592.891949
0.1629894440649760	-0.02959446000715086	-0.004539528561021728	1.967934224719024	2.640209233290878	0.1849507644149342	-0.008720375484181241	-0.008973455598078590	-0.002555088110058958	-0.002318453636854861	1.876938687816251	-0.6296360000000000	45.14900000000000	3802270595.896156
0.1610918003038208	-0.03027969498530157	-0.004644597921581632	1.944743136142123	2.672915059341009	0.1861914963512739	-0.008735907476718914	-0.008935996086630059	-0.002516714952250299	-0.002340381155621663	1.875169868326882	-0.6296440000000000	45.14600000000000	3802270598.891502
0.1596062111079748	-0.03084250131433926	-0.004594347358561283	1.964620428522184	2.670694897464493	0.1859036977190114	-0.008717634544325595	-0.008865645296881861	-0.002511233072543880	-0.002323935516543806	1.874630816933885	-0.6296580000000001	45.14900000000000	3802270601.890947
0.1584047659699123	-0.03135505707849601	-0.004631806869376355	1.955086526732648	2.695776338586363	0.1869945916260323	-0.008717634544336401	-0.008859249770521086	-0.002509405779354457	-0.002298353411327483	1.875100431196781	-0.6296650000000000	45.14900000000000	3802270604.893415
0.1575742613073061	-0.03171594750088182	-0.004709466831411135	1.971826358145226	2.656567169104683	0.1839229121659244	-0.008752353115883602	-0.008883004582634078	-0.002492960140275532	-0.002317539990266578	1.874948765895003	-0.7540910000000000	45.83000000000000	3802270607.892233
0.1565911776795406	-0.03185208085009279	-0.004547751380473209	1.957533273129092	2.671294250234985	0.1861512959007088	-0.008717634544322353	-0.008878436349553927	-0.002520369538711399	-0.002287389651977252	1.872734086952922	-0.7540840000000000	45.82600000000000	3802270610.893443
0.1560585217731130	-0.03228606300376139	-0.004546837733988248	1.959966313593766	2.665879976537658	0.1864244761927531	-0.008731339243638425	-0.008832754018545969	-0.002524024125182163	-0.002327590103009203	1.872159403346997	-0.7540770000000000	45.82700000000000	3802270613.893281
0.1560539535406838	-0.03235641379499638	-0.005269532207876629	1.959420866673609	2.666069101469714	0.1856542722147028	-0.008726771010523597	-0.008835494958400523	-0.002526765065015741	-0.002347690328547349	1.872238890587215	-0.7540740000000000	45.82700000000000	3802270616.896714
0.1560539535406447	-0.03231804063616272	-0.005051170666601811	1.960122547126238	2.665760289406770	0.1854733702150015	-0.008721289130813397	-0.008869299883412691	-0.002545951643911605	-0.002349517621767135	1.873459522202144	-0.7540740000000000	45.82500000000000	3802270619.896997
0.1561645047664889	-0.03229794041005934	-0.004998179163104924	1.968170858941765	2.659786863552007	0.1857255366244609	-0.008728598303761152	-0.008856508830664687	-0.002506664839477065	-0.002302007997807087	1.876340249404975	-0.8794590000000000	46.56300000000000	3802270622.896451
0.1565098631415531	-0.03212252025533706	-0.004628152282501778	1.968390133995433	2.661595885811367	0.1860361764403319	-0.008721289130808531	-0.008878436349565750	-0.002564224576218408	-0.002298353411338223	1.876385931718897	-0.8794700000000000	46.56100000000000	3802270625.895590
0.1568442577584983	-0.03183654885722536	-0.004707639538934038	2.001743713743368	2.646737243581173	0.1800207279336721	-0.008727684657149815	-0.008904932101546583	-0.002530419651492154	-0.002292871531659218	1.874457224109656	-0.8794760000000000	46.55900000000000	3802270628.891712
0.1575733476607677	-0.03149484501426786	-0.004484709764309435	1.974157071298913	2.670936100421437	0.1860151625268016	-0.008703929845039262	-0.008792553567315320	-0.002492046493651521	-0.002268203073052105	1.873093150002793	-0.8794780000000000	46.56100000000000	3802270631.892953
0.1585171444885625	-0.03121526914278380	-0.004618102169720551	1.962580255971843	2.663090612543950	0.1854998659462414	-0.008717634544326676	-0.008888486462401363	-0.002521283185332180	-0.002312971757201658	1.873947409406640	-0.8794860000000000	46.56100000000000	3802270634.895960
0.1597615310116641	-0.03072007266480723	-0.004674748260264847	1.965309317954445	2.660786393911317	0.1856305174091522	-0.008748698529401749	-0.008872040823240952	-0.002523110478573475	-0.002306576230877948	1.872841897222885	-1.003809000000000	47.35600000000000	3802270637.896651
0.1612416383283695	-0.03015087080934502	-0.004593433711461933	1.958612289708481	2.675403834555400	0.1863952394919082	-0.008696620672069603	-0.008882090936080646	-0.002567879162703940	-0.002314799050369327	1.872897629666871	-1.003811000000000	47.35700000000000	3802270640.893355
0.1636335648403075	-0.02941081703305332	-0.004488364349933027	1.979316432296287	2.663718288010971	0.1868886085810151	-0.008830926725212211	-0.008938737026499973	-0.002509405779328124	-0.002372358787127585	1.875037389597529	-1.003810000000000	47.35800000000000	3802270643.896138
0.1667929543976392	-0.02855747107433379	-0.004213356719300175	1.937551824795615	2.679970243381010	0.1864454900630154	-0.008771539694905546	-0.008972541951406125	-0.002487478260563196	-0.002290130591791232	1.876876559861176	-1.003809000000000	47.35900000000000	3802270646.891742
0.1703086660766868	-0.02738800338041913	-0.004304721380533142	1.941785662152857	2.692700089039274	0.1855775259164272	-0.008724030070666062	-0.008922291387316929	-0.002502096606426900	-0.002266375779832576	1.879992094187201	-1.003814000000000	47.35700000000000	3802270649.891713
0.1746950828439472	-0.02574343943801968	-0.003775719989629356	1.948774142554651	2.634640548024970	0.1880662990363513	-0.008794380860403687	-0.008982592064280150	-0.002553260816837276	-0.002318453636893548	1.880946854709452	-1.129331000000000	48.22300000000000	3802270652.896694
0.1809060516139745	-0.02352510541310288	-0.003715419313544443	1.959168696702770	2.556647978350003	0.1840891959314008	-0.008796208153662314	-0.008966146425073202	-0.002558742696535639	-0.002300180704565278	1.882864598576129	-1.129336000000000	48.22400000000000	3802270655.892510
0.1883860753063631	-0.01938263159128679	-0.003281437170505356	1.975839094402451	2.691317742080109	0.1881996911976714	-0.008770626048286915	-0.008835494958413235	-0.002560569989764026	-0.002338553862398126	1.880912136139200	-1.129344000000000	48.22200000000000	3802270658.895726
0.2007559348407586	-0.01281168505897076	-0.002766140479957647	1.821409086834231	2.625941715182783	0.1836387681284872	-0.008756007702364914	-0.008919550447491906	-0.002564224576226459	-0.002295612471502749	1.878162060386163	-1.129345000000000	48.22200000000000	3802270661.896752
0.2228844520167451	0.001337960093144536	-0.001831479992971963	2.039231543233055	2.697831125143891	0.1913618218628095	-0.008778848867869522	-0.008934168793408690	-0.002551433523620981	-0.002341294802200805	1.878329257683410	-1.129350000000000	48.22400000000000	3802270664.896846
0.2652429280415528	0.03169843654211371	0.0008144405985488659	1.922179723514843	2.655498205937455	0.1848996001987426	-0.008828185785341700	-0.008938737026531364	-0.002509405779313619	-0.002301094351189809	1.878417881385263	-1.253576000000000	49.16100000000000	3802270667.892519
0.3756388207995638	0.1113775522301065	0.009021728077704504	1.947912575695519	2.678171270292805	0.1870220010334755	-0.008745043942923407	-0.008832754018537064	-0.002556001756696137	-0.002292871531698710	1.880725752274184	-1.253579000000000	49.16300000000000	3802270670.892478
0.6148661412140816	0.2824980530842974	0.02883872275987533	1.959923372692398	2.647368570779827	0.1868410990150353	-0.008759662288845959	-0.008845545071218795	-0.002495701080094336	-0.002318453636864000	1.881825782580753	-1.253587000000000	49.16600000000000	3802270673.896295
0.9652028684274596	0.5209305138104880	0.06059068224737808	1.954017561251352	2.673283259854982	0.1856031080167249	-0.008764230521959151	-0.008865645296903776	-0.002561483636387769	-0.002320280930130819	1.882504621875260	-1.253585000000000	49.16300000000000	3802270676.897128
1.320097766778400	0.7402814474224836	0.09313385878947186	1.955744353634245	2.669764804789855	0.1851846579172053	-0.008765144168569676	-0.008898536575208513	-0.002516714952258094	-0.002322108223358124	1.879573644125195	-1.253579000000000	49.16700000000000	3802270679.893387
1.653113602132641	0.9231248937586430	0.1252320886440433	1.911387729760397	2.698422258646878	0.1850220289252273	-0.008719461837574495	-0.008845545071204495	-0.002591633974671732	-0.002298353411334190	1.878071609386456	-1.378915000000000	50.20100000000000	3802270682.897223
1.853812470092546	1.000286882201759	0.1463071726859753	1.991459707984527	2.655450695375197	0.1849224413907080	-0.008741389356451010	-0.008812653792936184	-0.002579756568683268	-0.002333071982729062	1.877883398226335	-1.378919000000000	50.20000000000000	3802270685.897537
1.973675575287322	1.014536108024469	0.1606103085972945	1.977818965692793	2.659340089521004	0.1851965353459910	-0.008713066311228881	-0.008825444845571451	-0.002550519877017942	-0.002352258561614161	1.877253895833002	-1.378927000000000	50.20000000000000	3802270688.897097
2.046121348584059	0.9932463247375651	0.1704685542084907	1.948669988772904	2.675042030448681	0.1860142489240793	-0.008728598303766285	-0.008822703905737164	-0.002564224576215448	-0.002335812922552962	1.874528488534993	-1.378934000000000	50.19800000000000	3802270691.896534
2.087182452285693	0.9494497813548951	0.1769472214184845	1.968138881235795	2.661067797011268	0.1855839214451063	-0.008740475709825894	-0.008854681537414930	-0.002550519877004223	-0.002311144463953902	1.870892175752397	-1.378938000000000	50.19800000000000	3802270694.897303
2.116464825451838	0.8967908697545101	0.1825560971514622	1.960155438538701	2.671241258624855	0.1859256251978098	-0.008712152664624570	-0.008878436349589305	-0.002557829049926136	-0.002307489877465944	1.871917287043665	-1.503408000000000	51.33400000000000	3802270697.893402
2.137838674212616	0.8391863908911754	0.1875711026530476	1.962874450241250	2.666771696257852	0.1858296923497730	-0.008749612176019578	-0.008891227402239132	-0.002492960140277958	-0.002345863035304977	1.872226099537525	-1.503408000000000	51.33500000000000	3802270700.892951
2.153231792531436	0.7780981784000722	0.1914011086640906	1.966176368794892	2.665562941559557	0.1856177263411617	-0.008731339243631396	-0.008812653792900508	-0.002551433523644087	-0.002333985629325629	1.873383689558369	-1.503414000000000	51.33400000000000	3802270703.898017
2.168248488660704	0.7157710607325983	0.1955965732514315	1.961482053004604	2.668350478614993	0.1868812994179855	-0.008721289130803401	-0.008828185785444410	-0.002514887659031321	-0.002280994125674239	1.874395096153334	-1.503414000000000	51.33800000000000	3802270706.897783
2.186200731699110	0.6545869133755414	0.2002854069170692	1.962932010046252	2.665824244557684	0.1864217352234694	-0.008722202777426630	-0.008799862740281219	-0.002545951643937402	-0.002285562358733004	1.875460407892178	-1.503409000000000	51.33300000000000	3802270709.896924
2.198667440423533	0.5921154371452296	0.2036284393281083	1.962695375813438	2.666017024074489	0.1855775259024040	-0.008705757138270048	-0.008890313755636758	-0.002557829049939576	-0.002276425892592646	1.875386402532133	-1.628886000000000	52.60200000000000	3802270712.892324
2.210823509424561	0.5303821855660973	0.2074365177796725	1.961726910195595	2.665672578967137	0.1864829495662262	-0.008748698529399855	-0.008822703905735809	-0.002528592358268865	-0.002291044238431072	1.876033264203205	-1.628889000000000	52.60400000000000	3802270715.893107
2.219596344882782	0.4678549736354142	0.2105438293865565	1.962698116413389	2.666616376758419	0.1850969478656481	-0.008697534318691755	-0.008836408605028353	-0.002550519877000186	-0.002302921644408001	1.878279007128075	-1.628890000000000	52.60000000000000	3802270718.897399
2.231100070385332	0.4067265522988642	0.2135542944636552	1.961426320625375	2.665714606725044	0.1868566309896285	-0.008711239017991340	-0.008873868116466619	-0.002522196831939512	-0.002347690328511592	1.875479594468495	-1.628898000000000	52.60400000000000	3802270721.897784
2.233950648084531	0.3460001333119474	0.2157095864515872	1.961828325187587	2.666790882956007	0.1857447232084397	-0.008732252890236519	-0.008809912853059486	-0.002513060365793253	-0.002293785178299584	1.872574198820888	-1.628897000000000	52.59900000000000	3802270724.892705
2.225762546392965	0.2867254962524827	0.2164688266557079	1.962332657999776	2.666145848282412	0.1869936779298044	-0.008711239017988641	-0.008877522702954164	-0.002522196831929845	-0.002300180704649368	1.872430756331499	-1.753577000000000	54.00500000000000	3802270727.898051
2.214412313597031	0.2299515072272655	0.2168909313178702	1.958679899285911	2.666615462660289	0.1849827420509224	-0.008724030070661739	-0.008872954469794211	-0.002533160591296715	-0.002283735065522072	1.870244400437323	-1.753580000000000	54.00800000000000	3802270730.891841
2.189476155012498	0.1748504026556832	0.2154619882627753	1.959250928385631	2.666594448673861	0.1856332583588058	-0.008770626048288271	-0.008829099432100886	-0.002524024125184842	-0.002325762809783222	1.870159431317766	-1.753569000000000	54.00300000000000	3802270733.893443
2.152016642555581	0.1226318505972142	0.2127923133186540	1.959927940548996	2.667484341287577	0.1855108297508926	-0.008721289130812312	-0.008890313755601053	-0.002542297057455889	-0.002369617847269004	1.868972604614814	-1.753574000000000	54.00800000000000	3802270736.897605
2.115109887584957	0.07523917749393906	0.2102724763890312	1.964717275189747	2.663890967201586	0.1858571017329803	-0.008732252890243812	-0.008831840371922448	-0.002498442019975506	-0.002325762809784565	1.863331751595064	-1.753582000000000	54.00600000000000	3802270739.896819
2.072681053916755	0.03199445804399603	0.2070856775390780	1.960536428858258	2.667676207038088	0.1865734005504147	-0.008738648416586184	-0.008814481086119952	-0.002536815177781735	-0.002319367283489096	1.859810558288923	-1.878763000000000	55.58600000000000	3802270742.893764
2.035777042389034	-0.006130187367243736	0.2042862647814135	1.961424493183823	2.664143133569970	0.1858287786816196	-0.008717634544323435	-0.008814481086165624	-0.002515801305630875	-0.002295612471493332	1.856997440966944	-1.878768000000000	55.58600000000000	3802270745.893088
1.997692600663019	-0.03900045221252124	0.2013763007964226	1.962344535585224	2.664714163462353	0.1866437513426512	-0.008724943717289834	-0.008857422477313808	-0.002532246944698239	-0.002302007997789631	1.855641589680256	-1.878764000000000	55.58800000000000	3802270748.897141
1.962781254302915	-0.06697448555140530	0.1986298795216589	1.958601325998526	2.667289734690477	0.1861120090825316	-0.008732252890243005	-0.008846458717877433	-0.002512146719174354	-0.002314799050380061	1.857158242733513	-1.878771000000000	55.58700000000000	3802270751.896982
1.937910883520677	-0.09136062907429340	0.1965823977904905	1.963117480360264	2.668152217736342	0.1859968896603911	-0.008783417100967049	-0.008902191161652270	-0.002551433523601355	-0.002354085854834228	1.859614124306121	-1.878773000000000	55.58500000000000	3802270754.896939
1.918282102913215	-0.1120921863311005	0.1950684855935081	1.963371474090134	2.661046783739655	0.1857885782336584	-0.008914068567647806	-0.009045633681061283	-0.002539556117614784	-0.002337640215737564	1.860587157747813	-2.004000000000000	57.37100000000000	3802270757.891967
1.899770712180055	-0.1292842765952126	0.1935500051613784	1.960705453602827	2.667593065178333	0.1858433970103325	-0.008758748642222451	-0.008820876612499078	-0.002462809801990487	-0.002364135967597523	1.859209378943909	-2.004014000000000	57.36800000000000	3802270760.893662
1.881837659884086	-0.1439090198203153	0.1919492965472488	1.958708222322034	2.664193384192309	0.1860416583149849	-0.008732252890241651	-0.008854681537420585	-0.002517628598851467	-0.002323021869972739	1.861737438592349	-2.004023000000000	57.37200000000000	3802270763.897889
1.864568828748606	-0.1558841876855844	0.1903915293137546	1.964554646066405	2.665832467552655	0.1859923213815112	-0.008926859620311717	-0.009105934357946582	-0.002531333298094666	-0.002331244689469498	1.863684419106703	-2.004032000000000	57.37200000000000	3802270766.891773
1.847779662187183	-0.1653797183939524	0.1891444018802257	1.959327674828721	2.665955810010757	0.1859987169203475	-0.008762403228703759	-0.008914068567775425	-0.002534074237928795	-0.002314799050435937	1.863362815574870	-2.004033000000000	57.37200000000000	3802270769.893580
1.831858459885068	-0.1729629865146482	0.1876405397853870	1.964598501357572	2.666113870394839	0.1859448117714678	-0.008764230521953471	-0.008857422477331409	-0.002533160591329776	-0.002278253185826672	1.865192849356453	-2.128897000000000	59.39400000000000	3802270772.894495
1.823079231621791	-0.1790506149294926	0.1865880190480812	1.958983230088879	2.666900521185566	0.1863285433203004	-0.008806258266464907	-0.008933255146806811	-0.002535901531173577	-0.002289216945206448	1.866991819166685	-2.128911000000000	59.39500000000000	3802270775.894396
1.818534754445273	-0.1825526230082136	0.1862189058721128	1.961461039295292	2.669579333985238	0.1857164001737607	-0.008832754018461385	-0.008924118680518508	-0.002542297057433057	-0.002359567734545476	1.865787633179273	-2.128912000000000	59.40200000000000	3802270778.892721
1.817109466069374	-0.1838527423687615	0.1858525336364853	1.962049427429209	2.667559260468056	0.1857639097955241	-0.008746871236173397	-0.008870213530026717	-0.002554174463464781	-0.002275512246005976	1.866103754839726	-2.128925000000000	59.39700000000000	3802270781.893633
1.819453882719867	-0.1833612004037215	0.1866565425332382	1.966631364820477	2.666835651723735	0.1862024600700246	-0.008733166536872188	-0.008864731650287262	-0.002549606230381291	-0.002303835290998685	1.862845691703084	-2.128924000000000	59.39800000000000	3802270784.892914
1.826411300038304	-0.1812141304848343	0.1871051429524795	1.961041675325502	2.671783964423536	0.1857803554367856	-0.008874781762983100	-0.008962491838630276	-0.002517628598871897	-0.002262721193358858	1.860045365418535	-2.253757000000000	61.72200000000000	3802270787.892654
1.834317996001204	-0.1767774617662436	0.1879447840611752	1.961993695544303	2.665465181825550	0.1857803554247822	-0.008772453341531492	-0.008919550447488914	-0.002482910027522449	-0.002307489877475624	1.861592168810259	-2.253764000000000	61.72500000000000	3802270790.893016
1.844457643830911	-0.1698054232996604	0.1888182300891013	1.962303421625379	2.669762977362791	0.1859036976660766	-0.008786158040826744	-0.008911327627885976	-0.002541383410844793	-0.002304748937642293	1.864626388578913	-2.253767000000000	61.71500000000000	3802270793.892062
1.857514564736830	-0.1603144607827685	0.1897209128035653	1.963640999602396	2.669029318701183	0.1862179920821913	-0.008738648416578610	-0.008760575935601051	-0.002526765065011450	-0.002312058110558297	1.867963025311523	-2.253771000000000	61.73800000000000	3802270796.897489
1.872110979987384	-0.1477335450738144	0.1906976008811238	1.963268231831966	2.670415321045901	0.1856067626173000	-0.008740475709822376	-0.008879349996194399	-0.002546865290531305	-0.002302921644418742	1.869226598312003	-2.253773000000000	61.73800000000000	3802270799.897782
1.894582114037729	-0.1328401896542984	0.1931927693922681	1.967371418289419	2.663002902018108	0.1858954748883640	-0.008722202777431761	-0.008910413981245448	-0.002509405779358481	-0.002332158336116048	1.867578380162773	-2.379232000000000	64.45399999999999	3802270802.897995
1.914950947939399	-0.1156727677895247	0.1948473831481463	1.965568793780686	2.665535532490224	0.1854441335232706	-0.008720375484195570	-0.008840976838175609	-0.002572447395777750	-0.002280994125655962	1.869579265843961	-2.379233000000000	64.45600000000000	3802270805.897438
1.934618101644133	-0.09560543160465183	0.1966198572954649	1.956640640364290	2.670471967633696	0.1863248887268403	-0.008768798755052883	-0.008856508830695452	-0.002488391907202253	-0.002297439764740018	1.869227511971412	-2.379239000000000	64.45800000000000	3802270808.897318
1.952381216379877	-0.07325032453445779	0.1977454697432362	1.966856121877356	2.662087426855404	0.1854843339633491	-0.008756921348983549	-0.008883004582644356	-0.002553260816846406	-0.002329417396257741	1.870290082759963	-2.379230000000000	64.45800000000000	3802270811.897278
1.980706998488385	-0.04893818680803912	0.1999994355739385	1.968275014667052	2.675566464871121	0.1859128341588421	-0.008763316875335107	-0.008810826499666731	-0.002534074237961312	-0.002319367283467329	1.871877086595380	-2.379228000000000	64.45600000000000	3802270814.899311
2.015585454051009	-0.02208337105867109	0.2027010881689463	1.965468292943444	2.665141750645968	0.1854815930065827	-0.008724030070662822	-0.008925032327170707	-0.002561483636375140	-0.002324849163152507	1.871990378760332	-2.503721000000000	67.62600000000000	3802270817.894072
2.047859104247390	0.008272537832259352	0.2051642790306743	1.937430309297475	2.695639292563884	0.1875473477286583	-0.008729511950391138	-0.008811740146317333	-0.002565138222839985	-0.002327590103042517	1.872946052919860	-2.503719000000000	67.62900000000000	3802270820.894179
2.081221822038384	0.04203817494879115	0.2075269687793180	1.970892611090181	2.640813153608330	0.1855153979602352	-0.008705757138274095	-0.008890313755624039	-0.002553260816870340	-0.002325762809794513	1.873149796078291	-2.503716000000000	67.62600000000000	3802270823.897971
2.115973283599196	0.07860322412295037	0.2101856799755242	1.997354553410634	2.603502543440765	0.1827570993258512	-0.008745957589542311	-0.008835494958398101	-0.002556001756701247	-0.002328503749637767	1.874284544934407	-2.503719000000000	67.62700000000000	3802270826.898654
2.149923478122128	0.1174076198216924	0.2126296842494241	2.075259364814190	2.731981438558666	0.1856716314950302	-0.008734080183494067	-0.008959750898789016	-0.002513974012413759	-0.002354999501458769	1.877855075185808	-2.503722000000000	67.62500000000000	3802270829.898674
2.179211334802725	0.1582805099930276	0.2148315722088434	1.954058677090258	2.624464351180739	0.1869891097151962	-0.008748698529401746	-0.008838235898254547	-0.002509405779332696	-0.002269116719712650	1.881378095824486	-2.629139000000000	71.44100000000000	3802270832.895826
2.201401071267333	0.2005384869364134	0.2161929054269120	1.950461649767954	2.643190463224769	0.1818516755874056	-0.008730425597011673	-0.008889400108941854	-0.002538642471012806	-0.002317539990237573	1.882897489844948	-2.629137000000000	71.44100000000000	3802270835.898238
2.214388558777093	0.2428010308194975	0.2164167488079541	1.966128860302346	2.694200294878559	0.1898205001668822	-0.008705757138275720	-0.008856508830677888	-0.002560569989743070	-0.002315712697018588	1.880614287411017	-2.629141000000000	71.43700000000000	3802270838.898187
2.227078197634026	0.2853979680596484	0.2165601913012960	1.942026865147477	2.660338706957387	0.1858772019550326	-0.008716720897705067	-0.008888486462444594	-0.002549606230395812	-0.002316626343646888	1.879809364901515	-2.629153000000000	71.44100000000000	3802270841.898131
2.234667860744796	0.3274503708718535	0.2164679130091215	1.940639947396563	2.687606501649772	0.1829242966669655	-0.008752353115888194	-0.008839149544891308	-0.002541383410870053	-0.002304748937667556	1.879863270040995	-2.629158000000000	71.44300000000000	3802270844.893349
2.234704406612480	0.3686183629081882	0.2151449529434998	1.865564705751656	2.692648010080371	0.1874441056556592	-0.008755094055747901	-0.008904932101542236	-0.002524937771787892	-0.002302007997781845	1.879608362685909	-2.753611000000000	76.04700000000000	3802270847.894723
2.230878967883713	0.4094885052461006	0.2135908403215162	1.958476155731440	2.684326513180455	0.1872988358803505	-0.008741389356449390	-0.008851026950960364	-0.002556001756691290	-0.002317539990232451	1.878373112713009	-2.753602000000000	76.04600000000001	3802270850.893467
2.224967673769121	0.4494203318942966	0.2114812306531217	1.965757918609782	2.662410858500612	0.1858479652763772	-0.008720375484195025	-0.008924118680580956	-0.002528592358255157	-0.002318453636848939	1.877484134736118	-2.753603000000000	76.04900000000001	3802270853.895644
2.217726110111156	0.4886002268087820	0.2095077543031023	1.957230856278530	2.669368282235978	0.1858123330391559	-0.008719461837568278	-0.008816308379379929	-0.002539556117617735	-0.002362308674366165	1.877369928930963	-2.753599000000000	76.04500000000000	3802270856.897885
2.211611072861621	0.5274731358295648	0.2075653419307525	1.963965344085983	2.662514100592993	0.1860096807048545	-0.008764230521955631	-0.008901277515068530	-0.002537728824400358	-0.002303835291029858	1.879383605665300	-2.753602000000000	76.04300000000001	3802270859.893615
2.203368152544577	0.5642437440921590	0.2052081340616698	1.959268287514416	2.665414016024081	0.1859046113433790	-0.008701188905165773	-0.008868386236760761	-0.002507578486112636	-0.002323021869921146	1.881723454181216	-2.878885000000000	81.80500000000001	3802270862.893391
2.195303393389224	0.5998046841361298	0.2032154711274793	1.956138134975006	2.666440956460476	0.1862289558370187	-0.008740475709820759	-0.008839149544926967	-0.002556915403314766	-0.002322108223324541	1.882907539961690	-2.878900000000000	81.80400000000000	3802270865.897915
2.188369728862729	0.6348530681410961	0.2011862623317651	1.960433186876295	2.666472020215043	0.1858105057746560	-0.008726771010527117	-0.008825444845636613	-0.002504837546261572	-0.002314799050392969	1.885294898087640	-2.878896000000000	81.80800000000001	3802270868.897634
2.175896624732513	0.6663628998213768	0.1986234839966715	1.965171357490520	2.661383918920914	0.1858698927933592	-0.008709411724751898	-0.008814481086169964	-0.002512146719176231	-0.002330331042839563	1.885756289544010	-2.878893000000000	81.80900000000000	3802270871.898002
2.165534044477195	0.6973939805406852	0.1961465884254683	1.955551573829676	2.667959437504416	0.1861439867458685	-0.008723116424061206	-0.008897622928560663	-0.002497528373343963	-0.002321194576685493	1.888944001963172	-2.878888000000000	81.80700000000000	3802270874.897215
2.161987268221390	0.7297005110887957	0.1941265160837832	1.962754762669971	2.661726537021114	0.1860553629928571	-0.008711239017986198	-0.008874781763051221	-0.002537728824401172	-0.002335812922547857	1.889857648392897	-3.003688000000000	89.16000000000000	3802270877.894607
2.159367843314953	0.7612340966496902	0.1926966593595315	1.956710077493190	2.663940303895146	0.1856515312757244	-0.008725857363907668	-0.008859249770521667	-0.002521283185308801	-0.002294698824874434	1.891345064797749	-3.003689000000000	89.15700000000000	3802270880.897881
2.153119413990904	0.7903428649206025	0.1909013440446030	1.961985472243335	2.661917489040665	0.1860124216236443	-0.008714893604469953	-0.008868386236793755	-0.002506664839505554	-0.002335812922544102	1.894749311430458	-3.003685000000000	89.16100000000000	3802270883.897375
2.143553533814279	0.8172168543877599	0.1889333495447435	1.958581225393665	2.662108441254198	0.1862271285809126	-0.008709411724751898	-0.008836408605041673	-0.002535901531162019	-0.002291957884992761	1.896501685304063	-3.003689000000000	89.15800000000000	3802270886.898146
2.138129213824988	0.8450392084543497	0.1873728413688338	1.955846681585033	2.668478389238613	0.1859822712819277	-0.008716720897710202	-0.008862904357021348	-0.002490219200442202	-0.002277339539215838	1.898879906997240	-3.003684000000000	89.15500000000000	3802270889.894678
2.131128853464699	0.8708661590963762	0.1854094150954498	1.961323078464702	2.656635695566749	0.1857639097925775	-0.008817222025915604	-0.008982592064256039	-0.002525851418394165	-0.002304748937655736	1.898490693613864	-3.128979000000000	98.93899999999999	3802270892.898022
2.120777237390193	0.8940124717068818	0.1833856881523979	1.956395783402540	2.663865385207445	0.1861549504917580	-0.008893054695357750	-0.009024619808835068	-0.002533160591318214	-0.002267289426489074	1.898973098934264	-3.128975000000000	98.94499999999999	3802270895.894333
2.109120020434349	0.9141665929789986	0.1811134493644583	1.956784082896162	2.667930201624292	0.1860891679164582	-0.008739562063208871	-0.008851026950974743	-0.002523110478567828	-0.002323021869979721	1.898180053824090	-3.128987000000000	98.93899999999999	3802270898.893450
2.100613057016536	0.9333714358117183	0.1792121510429619	1.960601297982525	2.661439652275793	0.1863358524954650	-0.008704843491658704	-0.008908586688088273	-0.002517628598870010	-0.002278253185817548	1.894758447895179	-3.128978000000000	98.94400000000000	3802270901.897688
2.093382457943439	0.9508229915783163	0.1775538826826977	1.960649721190789	2.664235412143062	0.1867771437507650	-0.008718548190953423	-0.008841890484763439	-0.002519455892102428	-0.002293785178270050	1.893945302566156	-3.128980000000000	98.95000000000000	3802270904.896844
2.085503169846399	0.9653289520241096	0.1759285055939740	1.960407604910186	2.665856222204029	0.1862764654807420	-0.008691138792352364	-0.008846458717878789	-0.002561483636381591	-0.002281907772258216	1.893975452901823	-3.191472000000000	105.1500000000000	3802270907.895244
2.076397768105130	0.9768317574538458	0.1746768099133955	1.961315769260017	2.664448291609445	0.1858963885270562	-0.008722202777436898	-0.008791639920689672	-0.002576101982210893	-0.002280080479045930	1.892732893739445	-3.191478000000000	105.1600000000000	3802270910.894663
2.066291923449180	0.9859599964498391	0.1731062516103126	1.961432716529168	2.667421299534363	0.1861531231785462	-0.008726771010524418	-0.008829099432150584	-0.002532246944696096	-0.002323935516547561	1.891902389122299	-3.191479000000000	105.1600000000000	3802270913.898994
2.054256457359831	0.9922257819569212	0.1713310364922625	1.954559353671690	2.666879506414360	0.1861010453504774	-0.008749612176028227	-0.008845545071242361	-0.002533160591331651	-0.002309317170675553	1.891987358244519	-3.191479000000000	105.1500000000000	3802270916.896721
2.046304077796935	0.9988798670881478	0.1704310947046405	1.960140820224507	2.660587219439188	0.1857502050866339	-0.008684743266009456	-0.008783417101085432	-0.002506664839487544	-0.002327590102989049	1.894939349886846	-3.191474000000000	105.1500000000000	3802270919.893938
2.033994517942651	1.001813584972325	0.1688788093261372	1.961900503056860	2.666659317845362	0.1858589290335459	-0.008744130296305854	-0.008837322251680296	-0.002527678711631702	-0.002312971757169418	1.893732422942901	-3.253818000000000	112.5700000000000	3802270922.895911
2.026824219941282	1.006274005622488	0.1675394035759356	1.959711406326877	2.663536471961288	0.1860626721779189	-0.008739562063208060	-0.008865645296903481	-0.002525851418393616	-0.002311144463941542	1.894510849707010	-3.253815000000000	112.5700000000000	3802270925.894493
2.019752595806504	1.009379488987316	0.1665490107844142	1.963416242611916	2.662020731129544	0.1861220592084485	-0.008707584431513538	-0.008777021574699543	-0.002564224576224303	-0.002281907772292332	1.895419927915944	-3.253816000000000	112.5700000000000	3802270928.897728
2.011518813339272	1.010435663970963	0.1658235754732854	1.959971795378083	2.664443724104189	0.1857620824935411	-0.008719461837581252	-0.008885745522558721	-0.002526765065018439	-0.002305662584248303	1.895665698811535	-3.253824000000000	112.5800000000000	3802270931.894765
2.002727706548989	1.009287210723186	0.1645791889557783	1.961440938902514	2.661457011665870	0.1858031965856027	-0.008722202777439328	-0.008817222026023700	-0.002524937771767198	-0.002304748937633185	1.898118839512087	-3.253825000000000	112.5800000000000	3802270934.898244
1.998229824766297	1.008866019834371	0.1641717026219023	1.959363307193702	2.667129845563657	0.1865194954305338	-0.008727684657147926	-0.008831840371894911	-0.002525851418396038	-0.002303835291051079	1.899283738727001	-3.316155000000000	121.6400000000000	3802270937.894506
2.002731361135099	1.011178458314938	0.1645216292265620	1.964377398798416	2.664283834929994	0.1859457254441553	-0.008694793378830711	-0.008842804131335332	-0.002527678711639207	-0.002283735065507576	1.895801832135422	-3.316161000000000	121.6400000000000	3802270940.894577
2.007056563738468	1.011367583074121	0.1650734717061373	1.961452816277926	2.670317562183230	0.1857465504872854	-0.008703929845026279	-0.008907673041378177	-0.002545037997320650	-0.002329417396274952	1.894902804034055	-3.316173000000000	121.6500000000000	3802270943.899577
2.011276697010362	1.009212291736455	0.1656207459528066	1.952584963654566	2.677856063007432	0.1865130999172210	-0.008690225145735623	-0.008835494958383251	-0.002535901531169002	-0.002271857659529304	1.890730180744426	-3.316174000000000	121.6600000000000	3802270946.893394
2.022489880806808	1.008160684983654	0.1672406411752701	1.970719019307260	2.659261516606082	0.1861969782102503	-0.008633579055292443	-0.008803517326704409	-0.002517628598873508	-0.002328503749660596	1.887242792287475	-3.316182000000000	121.6600000000000	3802270949.894228
2.031805420841278	1.003284555321942	0.1683114348580889	1.959155909320571	2.670288324509795	0.1859621710591150	-0.008654592927551136	-0.008831840371891124	-0.002500269313178630	-0.002287389651945269	1.885993837612755	-3.378787000000000	133.0500000000000	3802270952.898685
2.041838173490543	0.9955889135469278	0.1698189515589717	1.957676715534354	2.666820118852057	0.1860983044018170	-0.008703016198414949	-0.008817222026023429	-0.002514887659023265	-0.002335812922522069	1.883993865564825	-3.378798000000000	133.0600000000000	3802270955.898925
2.059122538911975	0.9878265755971218	0.1721386999840274	1.966916422382486	2.667793153916154	0.1856104171954212	-0.008639060935021576	-0.008832754018545453	-0.002547778937151559	-0.002309317170700798	1.883622925112083	-3.378810000000000	133.0700000000000	3802270958.893839
2.072860128598313	0.9749030503642768	0.1742885101586506	1.959324020029201	2.672458236276416	0.1861083545190570	-0.008650024694465781	-0.008821790259154482	-0.002547778937163648	-0.002323935516540307	1.880395925908771	-3.378813000000000	133.0800000000000	3802270961.895176
2.088245936873954	0.9592276228165084	0.1766256178581435	1.969761517544773	2.667042136564006	0.1859493800043778	-0.008651851987696848	-0.008815394732765934	-0.002567879162676537	-0.002317539990247233	1.879968339379184	-3.378812000000000	133.0900000000000	3802270964.898427
2.093876740742831	0.9359241632511029	0.1782619587050918	1.962501682559354	2.672617210421758	0.1857593415710697	-0.008648197401223369	-0.008839149544879169	-0.002540469764254113	-0.002311144463941828	1.879305032072507	-3.441326000000000	147.7800000000000	3802270967.893922
2.103376837956607	0.9127805917120827	0.1804510556672668	1.965196939878051	2.669133474753090	0.1863166658954238	-0.008671038566716640	-0.008824531198980133	-0.002536815177805639	-0.002310230817342809	1.880838130780491	-3.441329000000000	147.7900000000000	3802270970.898269
2.117246906922412	0.8890568547712702	0.1830631709465617	1.965728681887721	2.670789003118609	0.1859438981651199	-0.008718548190949100	-0.008853767890792801	-0.002500269313158737	-0.002265462133243226	1.881633916830286	-3.441326000000000	147.7800000000000	3802270973.898253
2.131095962183114	0.8625510650855255	0.1856707179871891	1.969005018308543	2.666773523741673	0.1857648234092973	-0.008712152664611335	-0.008902191161669317	-0.002533160591325479	-0.002295612471479635	1.881116792946475	-3.441323000000000	147.7800000000000	3802270976.894116
2.136577841873020	0.8295876239451622	0.1879064109094624	1.965669295054915	2.672112877846631	0.1857602551781406	-0.008686570559244577	-0.008864731650312423	-0.002527678711642169	-0.002320280930091322	1.881746295342382	-3.441319000000000	147.7800000000000	3802270979.899987
2.147553478732630	0.7967027561619182	0.1900105387351934	1.964129800801009	2.672185969543561	0.1855437210007241	-0.008701188905170097	-0.008852854244143596	-0.002533160591322786	-0.002289216945193293	1.878986169469351	-3.503734000000000	167.5500000000000	3802270982.894882
2.154520947923428	0.7601596486959188	0.1922042039113760	1.968388306940537	2.668455548320354	0.1864555401652765	-0.008663729393751308	-0.008853767890786835	-0.002517628598854698	-0.002339467509002503	1.878771462555797	-3.503737000000000	167.5600000000000	3802270985.894808
2.159773502421253	0.7207915467640679	0.1943622368735028	1.964858890524012	2.671236690015341	0.1861650005558493	-0.008682002326151930	-0.008840063191515122	-0.002503010253033717	-0.002318453636886037	1.879739927773360	-3.503741000000000	167.5700000000000	3802270988.896111
2.169061634169336	0.6811539187481488	0.1971287583777949	1.971135641937924	2.665780389503789	0.1858406560948946	-0.008643629168111800	-0.008830013078673609	-0.002518542245485682	-0.002292871531650069	1.878518382493549	-3.503744000000000	167.5800000000000	3802270991.894515
2.181512810699399	0.6410813946079483	0.2003082480788388	1.963541412594447	2.673772061202889	0.1856935589985271	-0.008708498078130554	-0.008827272138826572	-0.002504837546275004	-0.002316626343632119	1.879803883018269	-3.503750000000000	167.5800000000000	3802270994.893770
2.189316266801995	0.5982752402839159	0.2026526649065455	1.967665612198633	2.668287436592485	0.1858260377661241	-0.008713979957849680	-0.008845545071237465	-0.002493873786887979	-0.002328503749675652	1.880433385415986	-3.534995000000000	180.3400000000000	3802270997.893513
2.199668797174673	0.5552671694176979	0.2050354548801891	1.970877993643349	2.668510367551923	0.1857529460427391	-0.008675606799813886	-0.008792553567320421	-0.002493873786900882	-0.002361395027736534	1.881529761132681	-3.535004000000000	180.3500000000000	3802271000.898273
2.210141015353451	0.5113015964375622	0.2078202492934405	1.964169087822671	2.666709568780942	0.1864299580510909	-0.008723116424047972	-0.008878436349523046	-0.002501182959782478	-0.002314799050423073	1.881580011687466	-3.535007000000000	180.3700000000000	3802271003.899614
2.218136337476359	0.4664497856399213	0.2103126768330348	1.965899533704166	2.671441346730525	0.1853198775986912	-0.008687484205872405	-0.008872954469851467	-0.002569706455911645	-0.002347690328522889	1.883795604294389	-3.535004000000000	180.3700000000000	3802271006.893719
2.228294261381493	0.4223745732188385	0.2128772824389061	1.968356328746111	2.667349121048400	0.1847196118712301	-0.008732252890249492	-0.008788898980810490	-0.002554174463453491	-0.002360481381164372	1.883244675492563	-3.535006000000000	180.3800000000000	3802271009.898743
2.231155802832001	0.3775912838208538	0.2144916957273626	1.966592077856008	2.667048531546044	0.1854943840985810	-0.008662815747142668	-0.008819049319295913	-0.002542297057469871	-0.002300180704562859	1.879139662066600	-3.566483000000000	196.0200000000000	3802271012.897542
2.230677051962490	0.3336366705409270	0.2156565949574631	1.968613064323760	2.665654306394659	0.1858452243085049	-0.008704843491654650	-0.008857422477284901	-0.002566965516087464	-0.002255412020447957	1.879498725110565	-3.566485000000000	196.0100000000000	3802271015.895841
2.227619990121096	0.2908451279553852	0.2163125931123585	1.967137524931686	2.667350948743008	0.1857675643969676	-0.008634492701916758	-0.008830013078671676	-0.002544124350703641	-0.002291044238478648	1.881593716386510	-3.566480000000000	196.0200000000000	3802271018.897498
2.216833477304752	0.2489188073551589	0.2164185761011236	1.964960305438459	2.669943879500154	0.1860599312335874	-0.008660074807273242	-0.008811740146298095	-0.002546865290540722	-0.002327590103005437	1.881188971015367	-3.566492000000000	196.0300000000000	3802271021.899301
2.204689285637075	0.2087147091329530	0.2160713904471649	1.965771623388878	2.666743373912786	0.1859036977054103	-0.008650938341081174	-0.008838235898292393	-0.002552347170223756	-0.002314799050424677	1.879093066099586	-3.566499000000000	196.0500000000000	3802271024.895584
2.187482577971568	0.1702163877379563	0.2151312482465410	1.970571008464216	2.664601784705376	0.1855519438185241	-0.008687484205868075	-0.008783417101072182	-0.002545951643932849	-0.002311144463921938	1.876947824279940	-3.597458000000000	215.3100000000000	3802271027.894078
2.161912349225512	0.1341026826289831	0.2134336931310940	1.961705896600041	2.668249063438175	0.1861558641190051	-0.008682002326151111	-0.008817222025989392	-0.002503923899650471	-0.002317539990254235	1.879715259316761	-3.597460000000000	215.3300000000000	3802271030.897933
2.135197321855120	0.1005709416145878	0.2115524950765476	1.969770653953622	2.666550593902703	0.1855199661802777	-0.008737734769979976	-0.008870213529970984	-0.002523110478562188	-0.002296526118131052	1.880401407788438	-3.597454000000000	215.3200000000000	3802271033.897983
2.108592846372906	0.07012732505827055	0.2094456263438038	1.968109644740222	2.668387024560158	0.1858187285774197	-0.008698447965308231	-0.008810826499710806	-0.002505751192863002	-0.002321194576704023	1.876801640854433	-3.597454000000000	215.3000000000000	3802271036.899616
2.079141448785410	0.04231409623531575	0.2072629249518849	1.964448663512891	2.667011986186421	0.1859329343722079	-0.008697534318693112	-0.008873868116470689	-0.002539556117624720	-0.002294698824892718	1.877390029150690	-3.597456000000000	215.3000000000000	3802271039.898892
2.053171958914167	0.01744737703071678	0.2053442673840447	1.963727796375202	2.670641905255565	0.1858552744484788	-0.008669211273474229	-0.008799862740259843	-0.002546865290549050	-0.002318453636844118	1.873166241704640	-3.628731000000000	240.3200000000000	3802271042.898714
2.032824136739588	-0.005222022599372917	0.2037508679549462	1.965407991878258	2.666217112486308	0.1858031966031421	-0.008703929845032226	-0.008891227402320873	-0.002537728824388267	-0.002280994125680690	1.871646847703279	-3.628759000000000	240.3300000000000	3802271045.898614
2.011624796350160	-0.02521078346418394	0.2022780698557754	1.967295585703889	2.661523707071747	0.1856944726586739	-0.008710325371373508	-0.008798035447046585	-0.002547778937178700	-0.002301094351204333	1.874565034390292	-3.628748000000000	240.3400000000000	3802271048.895322
1.989546528374169	-0.04277746742518271	0.2005485370988756	1.965559657409792	2.668967190897843	0.1854569245644465	-0.008673779506568223	-0.008841890484776724	-0.002499355666572350	-0.002306576230876355	1.875683337620755	-3.628745000000000	240.3500000000000	3802271051.898867
1.969816332243435	-0.05759590251576059	0.1989825470586488	1.964109700284394	2.665168245799939	0.1857109182831080	-0.008715807251097779	-0.008831840371944880	-0.002533160591338914	-0.002286476005359955	1.876037832436758	-3.628750000000000	240.3800000000000	3802271054.899059
1.957047208943919	-0.06983237231398001	0.1979373355009000	1.963932453035846	2.666989144624611	0.1856350856485022	-0.008649111047839024	-0.008754180409241417	-0.002536815177775809	-0.002303835291041664	1.875911749230418	-3.641096000000000	252.4900000000000	3802271057.894885
1.947150590284917	-0.07958737787033222	0.1972383959536548	1.963059007183002	2.667391149346973	0.1869004859988503	-0.008645456461360425	-0.008813567439582186	-0.002550519877009600	-0.002289216945171791	1.873754630011228	-3.641117000000000	252.5500000000000	3802271060.899077
1.940243422946604	-0.08697603859720510	0.1970337391459480	1.963158594270870	2.666148589323646	0.1862572788647105	-0.008666470333613443	-0.008834581311771110	-0.002523110478571333	-0.002309317170720152	1.871535382838032	-3.641133000000000	252.6100000000000	3802271063.899030
1.934498413949172	-0.09220757953691362	0.1963064765570955	1.965573361970063	2.666317614033374	0.1860206444399568	-0.008669211273471247	-0.008829099432117965	-0.002504837546262922	-0.002341294802240839	1.859706402733905	-3.641139000000000	252.6300000000000	3802271066.897753
1.931151726944396	-0.09540899754726276	0.1958989902327435	1.961736960368883	2.666408064762073	0.1858150740303388	-0.008682002326138950	-0.008828185785455248	-0.002531333298111325	-0.002304748937658692	1.866822794592227	-3.641133000000000	252.6200000000000	3802271069.898770
1.930719572166611	-0.09633634894195874	0.1960570510719009	1.966790339053909	2.666284722351321	0.1858424833909650	-0.008703929845036287	-0.008893054695445077	-0.002530419651498064	-0.002322108223333687	1.867734613709715	-3.653925000000000	266.5300000000000	3802271072.898942
1.934569678374110	-0.09511480331178992	0.1964672783352078	1.966190986619266	2.664380680977779	0.1862563652430436	-0.008713066311226999	-0.008849199657737164	-0.002534987884559785	-0.002296526118124862	1.865439533890143	-3.653924000000000	266.5300000000000	3802271075.899527
1.936922318027928	-0.09188323496159458	0.1967623861449043	1.959192454923171	2.668374233412148	0.1859786166902004	-0.008702102551795220	-0.008837322251673517	-0.002541383410875434	-0.002327590103019144	1.863332665241222	-3.653921000000000	266.5700000000000	3802271078.900358
1.941411063136789	-0.08648449667985893	0.1970273436202984	1.963177780900897	2.667132587069891	0.1857931464708441	-0.008713979957843199	-0.008882090935993021	-0.002531333298080687	-0.002330331042857041	1.858848488611309	-3.653917000000000	266.5600000000000	3802271081.899234
1.947800192927832	-0.07876966409240839	0.1974238661863715	1.961775333663894	2.664392559190051	0.1859923214074047	-0.008701188905179015	-0.008795294507199652	-0.002503010252997704	-0.002302007997801996	1.857645216274106	-3.653919000000000	266.5600000000000	3802271084.894814
1.958139016492262	-0.06842444279487915	0.1982671618754066	1.962881759420822	2.664169629427958	0.1862581925438345	-0.008887572815646191	-0.009015483342580240	-0.002554174463474730	-0.002302007997756312	1.857541974229200	-3.666337000000000	281.9100000000000	3802271087.895902
1.972094966594189	-0.05471334730602717	0.1991369533106046	1.966862517099576	2.661248699498805	0.1857465504971809	-0.008773366988150389	-0.008942391612977276	-0.002569706455903843	-0.002338553862381178	1.855444242058716	-3.666332000000000	281.9000000000000	3802271090.895275
1.994070905882724	-0.03828232592758336	0.2010830202811657	1.958977748211419	2.669879010398027	0.1859420708545017	-0.008732252890249750	-0.008891227402241863	-0.002529506004866001	-0.002323021869928395	1.853637963090894	-3.666335000000000	281.9200000000000	3802271093.899113
2.022180154648105	-0.01855486776129987	0.2033123176524016	1.966217482898356	2.663926599388691	0.1861357638888705	-0.008707584431513808	-0.008906759394819589	-0.002549606230373234	-0.002323021869948545	1.852901564074957	-3.666339000000000	281.9400000000000	3802271096.899849
2.044988426781320	0.003838610861123418	0.2048828759212575	1.963910525374995	2.661869979643162	0.1861841871490958	-0.008764230521952930	-0.008938737026467818	-0.002532246944685615	-0.002312971757161627	1.853300827565452	-3.666337000000000	281.9300000000000	3802271099.895977
2.066285527940789	0.02935858767093701	0.2066060131473756	1.965022433471670	2.666040778800268	0.1857958874133078	-0.008753266762511423	-0.008888486462414328	-0.002530419651478176	-0.002323935516558856	1.851898380316376	-3.678543000000000	299.4600000000000	3802271102.894902
2.095009662539198	0.05770355910206693	0.2083921919764907	1.955669434098814	2.669037541406247	0.1862591061858412	-0.008682002326157607	-0.008870213529949111	-0.002506664839497487	-0.002311144463956851	1.849756793123247	-3.678533000000000	299.4300000000000	3802271105.900442
2.124357818463072	0.08931664354645714	0.2105739797200342	1.971777935417168	2.663719202072405	0.1855894033024751	-0.008781589807727339	-0.008971628304776392	-0.002481996380902477	-0.002270944012899395	1.845059736914658	-3.678523000000000	299.3900000000000	3802271108.895910
2.151303084516453	0.1235363606914545	0.2128160681269943	1.957606365038308	2.668182367480074	0.1864272171393639	-0.008728598303777641	-0.008812653792927812	-0.002493873786884480	-0.002298353411343576	1.844586468076726	-3.678521000000000	299.3700000000000	3802271111.895645
2.175833583122333	0.1596445842191835	0.2143528214663757	1.967754235929605	2.667799549525911	0.1860763768910955	-0.008687484205878894	-0.008800776386903368	-0.002510319425937354	-0.002314799050393241	1.840844172382079	-3.678522000000000	299.4100000000000	3802271114.894392
2.194005101490473	0.1971479449103147	0.2153158048300973	1.960641498370747	2.665252301517960	0.1863367661259256	-0.008674693153206592	-0.008813567439543476	-0.002531333298080949	-0.002352258561605835	1.840747325863745	-3.690864000000000	320.4500000000000	3802271117.899770
2.211080244143884	0.2358509223612710	0.2163792893033606	1.966493403909836	2.663555658545480	0.1859731348179233	-0.008651851987700628	-0.008758748642334842	-0.002543210704073180	-0.002250843787396976	1.841628081001184	-3.690876000000000	320.5200000000000	3802271120.899901
2.220265134256308	0.2748554020907405	0.2163500526168990	1.959810080090304	2.666918793594936	0.1860708950238039	-0.008709411724757570	-0.008844631424595861	-0.002524024125171413	-0.002249930140755801	1.842407421384832	-3.690883000000000	320.5600000000000	3802271123.900083
2.228295175025754	0.3145250153886909	0.2159242933691240	1.966313415719973	2.668939781525277	0.1861238865217940	-0.008647283754597970	-0.008771539694997161	-0.002522196831941935	-0.002312971757190104	1.845659088963616	-3.690893000000000	320.6000000000000	3802271126.899919
2.228765703073670	0.3534490922556257	0.2151038388523672	1.965111970759363	2.668376060929297	0.1860855133552147	-0.008676520446428198	-0.008823617552347689	-0.002508492132716483	-0.002267289426431591	1.846732623492125	-3.690889000000000	320.6200000000000	3802271129.900333
2.229117457052572	0.3927130446643788	0.2137342828155760	1.965851110401707	2.667776707936543	0.1850083241572321	-0.008694793378837733	-0.008950614432551234	-0.002498442019956418	-0.002327590103017263	1.848274858638020	-3.703496000000000	347.1600000000000	3802271132.899184
2.222849840737925	0.4307262143765597	0.2119682042148717	1.965456415321597	2.665782216288180	0.1863395070768000	-0.008674693153193356	-0.008835494958422967	-0.002548692583779060	-0.002386977132938890	1.851005747765931	-3.703491000000000	347.1700000000000	3802271135.894530
2.213840370767064	0.4674374373209264	0.2099389954313867	1.964879904365168	2.668529554024425	0.1858616699356349	-0.008700275258554433	-0.008798035447017178	-0.002565138222838908	-0.002349517621767935	1.849912113009695	-3.703485000000000	347.1300000000000	3802271138.899640
2.204709385860349	0.5035401711521608	0.2074858546890081	1.966007344174708	2.668452807310620	0.1861531231698387	-0.008694793378835032	-0.008823617552356087	-0.002549606230388287	-0.002312971757217775	1.849675478588376	-3.703491000000000	347.1400000000000	3802271141.896317
2.195921018540473	0.5395862583038254	0.2051916884252989	1.967980820447388	2.668812784205774	0.1858772019594737	-0.008682002326170300	-0.008835494958431058	-0.002547778937159353	-0.002321194576704840	1.848011728470631	-3.703493000000000	347.1400000000000	3802271144.898037
2.184781838430829	0.5747287487155603	0.2029030040365762	1.960255939514898	2.671348155534730	0.1860818587710085	-0.008696620672071774	-0.008809912853077565	-0.002541383410851505	-0.002294698824895122	1.844876093984104	-3.716002000000000	380.9200000000000	3802271147.895835
2.180756311266783	0.6119095834234825	0.2011707303420345	1.965965316345645	2.669695367135633	0.1858433970410393	-0.008671952213320679	-0.008857422477318754	-0.002515801305626558	-0.002288303298580030	1.843514760836335	-3.716001000000000	380.9600000000000	3802271150.902009
2.174288606627817	0.6487048588938850	0.1990803072296712	1.968128831355950	2.671455965324134	0.1865030497745569	-0.008665556687003188	-0.008818135672635580	-0.002538642470996149	-0.002276425892586999	1.845277184760387	-3.716006000000000	381.0400000000000	3802271153.898877
2.161895903562542	0.6843233575383966	0.1962754125766153	1.968916394295034	2.662695916302861	0.1852184628438908	-0.008677434093050900	-0.008808999206438904	-0.002498442019944325	-0.002296526118122727	1.846522484819493	-3.716004000000000	381.1400000000000	3802271156.900506
2.154027578741603	0.7217508752999894	0.1938780042441992	1.971992642334046	2.664991912035793	0.1855126570201433	-0.008719461837575578	-0.008857422477266525	-0.002508492132729377	-0.002351344914992308	1.849747656657417	-3.716004000000000	381.1700000000000	3802271159.897015
2.149893327742984	0.7609024430673199	0.1914650639179929	1.956291627399573	2.684296362648091	0.1853363232463982	-0.008660074807279180	-0.008846458717884182	-0.002524024125151784	-0.002321194576699735	1.851779606277677	-3.728247000000000	426.4000000000000	3802271162.900568
2.142860989674838	0.7987602874173626	0.1896021387623487	2.032977631239600	2.570231173427207	0.1844802363826342	-0.008688397852502392	-0.008856508830676246	-0.002559656343142437	-0.002333071982709710	1.853051402091674	-3.728246000000000	426.5300000000000	3802271165.899355
2.132374153795481	0.8343248794868275	0.1871544798610801	1.992004241823210	2.644790260227855	0.1863623481877788	-0.008695707025462863	-0.008865645296871597	-0.002544124350700680	-0.002325762809809016	1.851229591144566	-3.728248000000000	426.6200000000000	3802271168.900190
2.121106150169664	0.8682933314124185	0.1843751672859282	1.950944054511726	2.678913153450030	0.1863797075293414	-0.008734080183489475	-0.008932341500180407	-0.002568792809304574	-0.002298353411331507	1.852357944463171	-3.728253000000000	426.8900000000000	3802271171.899856
2.106398267237580	0.8993746611908116	0.1814259164596590	1.976430223213874	2.655934015520410	0.1863321978818117	-0.008697534318692567	-0.008912241274534388	-0.002533160591334880	-0.002304748937649295	1.854615564754800	-3.728255000000000	427.0200000000000	3802271174.901607
2.092276945581488	0.9295195034914028	0.1780609564790125	1.961667523277876	2.676046128918768	0.1865898462133770	-0.008657333867418952	-0.008853767890793063	-0.002522196831942215	-0.002298353411306781	1.856852171185834	-3.740721000000000	500.9400000000000	3802271177.900601
2.081040006334516	0.9598342838801164	0.1756882165678624	1.968973954118654	2.668012430049537	0.1853737827491926	-0.008678347739676297	-0.008871127176603735	-0.002529506004864660	-0.002301094351220439	1.859834313096352	-3.740722000000000	501.0500000000000	3802271180.897280
2.060443671846578	0.9838750558640639	0.1725142086889715	1.967419841716108	2.668301142096540	0.1864966542555608	-0.008679261386286007	-0.008820876612522640	-0.002485650967357114	-0.002300180704592669	1.860591725976557	-3.740728000000000	501.3200000000000	3802271183.899977
2.030785791347232	1.000415706316542	0.1682949892205330	1.967514861082398	2.662488518748887	0.1854066740182767	-0.008661902100516729	-0.008827272138823601	-0.002531333298092791	-0.002368704200659504	1.865007379131381	-3.740730000000000	501.4700000000000	3802271186.900393
1.997314351002069	1.013019455366475	0.1639250180683577	1.967526738262516	2.668074557086169	0.1857785281399585	-0.008666470333616958	-0.008852854244213891	-0.002519455892102429	-0.002294698824851604	1.868206055263423	-3.740727000000000	501.3300000000000	3802271189.896446
1.954208509405250	1.018099328124067	0.1580594075927603	1.966874394727138	2.666293859211851	0.1860507947892563	-0.008662815747136725	-0.008810826499712231	-0.002550519877013635	-0.002293785178264137	1.870398806683695	-3.753437000000000	615.4200000000000	3802271192.895680
1.894993255056857	1.011426970075402	0.1511339671532506	1.968672450988532	2.667646056556483	0.1861348502616460	-0.008709411724754600	-0.008879349996212310	-0.002545951643934442	-0.002300180704546462	1.870989935914606	-3.753438000000000	615.7100000000000	3802271195.901005
1.816784208116657	0.9894930662295247	0.1423784927296181	1.968458656392448	2.710374592150423	0.1864089442364062	-0.008659161160658924	-0.008811740146317571	-0.002544124350713852	-0.002307489877498469	1.872634499488723	-3.753434000000000	615.8200000000000	3802271198.900485
1.743792085643971	0.9680214673210724	0.1345247873529949	1.988814699508018	2.732469323412302	0.1874203508737438	-0.008634492701907302	-0.008775194281492831	-0.002506664839491851	-0.002310230817338776	1.869791231812053	-3.753440000000000	615.9000000000000	3802271201.900067
1.641701245014618	0.9228782093503066	0.1241201808519726	2.012894767021970	2.631485732792796	0.1822646438055556	-0.008713979957861035	-0.008831840371925985	-0.002525851418402488	-0.002316626343627279	1.865593940133700	-3.753447000000000	616.1600000000000	3802271204.900555
1.502901929881808	0.8482068197764487	0.1104639062799522	1.989862652323200	2.690563069309872	0.1852285129974737	-0.008657333867406782	-0.008810826499663535	-0.002534074237931193	-0.002322108223321326	1.864090991768600	-3.766049000000000	702.7900000000000	3802271207.897331
1.359312374594512	0.7652696719131526	0.09713106243195672	1.964475159126279	2.675450430998439	0.1858242104540078	-0.008695707025455827	-0.008858336123949494	-0.002556001756691286	-0.002333071982677452	1.864291080335459	-3.766042000000000	703.0500000000000	3802271210.896109
1.229330670694918	0.6875722834953647	0.08485530750011221	1.960094223851788	2.673790334371961	0.1859201433490494	-0.008699361611929845	-0.008803517326729488	-0.002581583861928062	-0.002282821418907193	1.865167267254511	-3.766034000000000	703.1500000000000	3802271213.902039
1.128653256718385	0.6270569246579949	0.07535338338220431	1.965822787578311	2.662443750351213	0.1860023715158469	-0.008656420220788144	-0.008830926725366018	-0.002540469764245765	-0.002276425892593169	1.867675226688691	-3.766039000000000	703.3500000000000	3802271216.898684
1.051292093798352	0.5809406296965808	0.06848824315941926	1.970408379155913	2.670283756172150	0.1857904055336697	-0.008690225145728599	-0.008811740146293223	-0.002546865290536417	-0.002266375779826929	1.867719081715225	-3.766033000000000	703.5200000000000	3802271219.897985
0.9781373578277762	0.5345502399505222	0.06150341519717353	1.962248602513140	2.669780337041564	0.1856652359739017	-0.008658247514037589	-0.008818135672621527	-0.002520369538716227	-0.002297439764726841	1.866650115399903	-3.778164000000000	784.7700000000000	3802271222.898676
0.9016953224885845	0.4836976007150258	0.05492424627189187	1.973303725217989	2.673700796208916	0.1860023715165614	-0.008677434093051972	-0.008845545071211783	-0.002537728824387464	-0.002301094351157038	1.867822323766827	-3.778170000000000	785.1500000000000	3802271225.899930
0.8446527361003284	0.4450558434095438	0.04950997669054109	1.969545897077907	2.673557354345463	0.1859502936752263	-0.008645456461360692	-0.008795294507096357	-0.002501182959808001	-0.002304748937643911	1.864778967525899	-3.778178000000000	785.5000000000000	3802271228.899975
0.7986150176672312	0.4129366065590295	0.04550272281269008	1.975555863666062	2.651425165980263	0.1857127455785492	-0.008675606799804158	-0.008778848867949784	-0.002526765065031603	-0.002313885403760632	1.864474723272755	-3.778188000000000	785.6700000000000	3802271231.897379
0.7660590623053934	0.3889597854761669	0.04204731145603335	1.957043558952893	2.675991309692433	0.1865843643183531	-0.008659161160662706	-0.008816308379379138	-0.002516714952256757	-0.002345863035314371	1.863176431704127	-3.778194000000000	785.8400000000000	3802271234.900766
0.7568595585836978	0.3821832704649184	0.04155576959708404	1.961139435532674	2.667757521070729	0.1855930579045970	-0.008656420220798683	-0.008785244394327560	-0.002529506004852827	-0.002320280930117373	1.862101983507070	-3.790522000000000	853.8300000000000	3802271237.896473
0.7746135317839911	0.3953059730331421	0.04297649002655008	1.967401568317416	2.662281121802332	0.1861540368270507	-0.008663729393749693	-0.008897622928628637	-0.002501182959804251	-0.002272771306158684	1.860507670506338	-3.790517000000000	854.3500000000000	3802271240.900008
0.8091767677951498	0.4203800832908295	0.04645748348548435	1.944792471594229	2.728498614561410	0.1883321700559477	-0.008708498078132183	-0.008821790259157228	-0.002499355666558654	-0.002303835291011319	1.860049019999182	-3.790510000000000	854.7400000000000	3802271243.902352
0.8496878402951399	0.4484865853655690	0.05007369662664507	1.980403671966039	2.702518138139546	0.1823541812732870	-0.008745957589552321	-0.008805344619965435	-0.002566051869466683	-0.002306576230888430	1.858350551310167	-3.790521000000000	852.4900000000000	3802271246.898132
0.9042571864027021	0.4852928271692066	0.05509966641318443	1.973970687151931	2.646197276586105	0.1866684197114491	-0.008682915972774347	-0.008847372364455838	-0.002553260816863079	-0.002287389651931579	1.858254618432509	-3.790514000000000	852.6100000000000	3802271249.895354
0.9747641761305196	0.5326672149659911	0.06120099818500140	1.973186778321724	2.672179573201529	0.1860270399769369	-0.008698447965303094	-0.008806258266547875	-0.002524024125174637	-0.002316626343626209	1.859558391870383	-3.803197000000000	885.4000000000000	3802271252.901426
1.036893030022439	0.5719412139447152	0.06715431918401787	1.964826912952875	2.662656628987864	0.1858114193943197	-0.008706670784900845	-0.008822703905749053	-0.002480169087661968	-0.002302007997822958	1.860089220445491	-3.803200000000000	886.0500000000000	3802271255.900113
1.102278118801448	0.6112380534156967	0.07310946744497417	1.965559657288839	2.672905009627419	0.1859758757724042	-0.008674693153189033	-0.008815394732733463	-0.002520369538724292	-0.002302007997786951	1.860278345253069	-3.803203000000000	886.3400000000000	3802271258.900347
1.183813731308571	0.6603218708472035	0.08059131906215138	1.967040678379380	2.670514908890005	0.1857264502917353	-0.008663729393752935	-0.008839149544893763	-0.002503010253031575	-0.002323935516543283	1.859690870607386	-3.803209000000000	886.6900000000001	3802271261.896308
1.289417526237391	0.7239198713969093	0.09034266864425966	1.966603041444527	2.670983609673266	0.1858689791277134	-0.008666470333615877	-0.008811740146338627	-0.002560569989752470	-0.002330331042864024	1.859827003922449	-3.803217000000000	886.9400000000001	3802271264.896269
1.414135715917133	0.7975880792913679	0.1018637514882190	1.971629010955818	2.662793677097302	0.1857118319332337	-0.008659161160648382	-0.008852854244182525	-0.002552347170256808	-0.002311144463965465	1.859753912211520	-3.815766000000000	914.3600000000000	3802271267.895883
1.550304638773927	0.8747062140105647	0.1152596368930126	1.969292816836839	2.669582074819469	0.1859904941234225	-0.008663729393752395	-0.008861077063781109	-0.002562397283008007	-0.002345863035309533	1.861601305269112	-3.815771000000000	914.6300000000000	3802271270.902984
1.676214234416509	0.9398966968537236	0.1272603839285240	1.961594431794763	2.669906419989800	0.1858379151427456	-0.008674693153197683	-0.008814481086161055	-0.002513060365808292	-0.002299267057996621	1.859792285357850	-3.815771000000000	914.8700000000000	3802271273.901317
1.763559738260664	0.9744946505202402	0.1366170378598704	1.967603484383856	2.672089122661366	0.1861887553948830	-0.008676520446428200	-0.008850113304325811	-0.002541383410885907	-0.002301094351196520	1.862446428211086	-3.815776000000000	915.0800000000000	3802271276.902170
1.837888526298788	0.9967017345935635	0.1442962367410176	1.964190101381629	2.669705417640525	0.1861522095390938	-0.008677434093050626	-0.008852854244209831	-0.002498442019952914	-0.002368704200651980	1.865081384487034	-3.815775000000000	915.4800000000000	3802271279.901471
1.906158928234873	1.011829888040832	0.1525775286203584	1.969624470527835	2.666624599188306	0.1855035205493484	-0.008693879732214764	-0.008852854244222799	-0.002525851418387704	-0.002349517621778691	1.868339447641637	-3.828397000000000	939.7800000000000	3802271282.902016
1.960985939007474	1.014959126205644	0.1590507140373436	1.962592133560030	2.671304300216900	0.1861522095445872	-0.008649111047836331	-0.008756921349096764	-0.002572447395757331	-0.002289216945178247	1.867742836521455	-3.828396000000000	939.7400000000000	3802271285.901049
2.003677898969776	1.008019983471738	0.1647418180295337	1.965100093361366	2.665721002429247	0.1854587518588183	-0.008672865859947700	-0.008841890484745089	-0.002548692583787654	-0.002291957885042732	1.868268183217869	-3.828403000000000	939.7400000000000	3802271288.898365
2.038878872375836	0.9942019986446721	0.1693749193673699	1.969017809273195	2.670184168673942	0.1860115079876963	-0.008699361611935793	-0.008780676161220854	-0.002513060365803468	-0.002301094351217203	1.866129336943935	-3.828400000000000	940.0100000000000	3802271291.901748
2.066476480069404	0.9735133945207985	0.1734242005862264	1.968444952909702	2.663954922253184	0.1858315196522979	-0.008683829619390829	-0.008844631424563428	-0.002569706455940679	-0.002314799050426274	1.866785335070991	-3.828385000000000	940.1600000000000	3802271294.900845
2.086435089357990	0.9461021817439600	0.1771071095537702	1.964736462028707	2.669686230682139	0.1856195536448428	-0.008697534318708518	-0.008883918229343590	-0.002518542245498585	-0.002297439764727100	1.869612157110818	-3.840626000000000	14913.00000000000	3802271297.897104
2.099927822085423	0.9146197614846376	0.1797767845665273	1.971480086540048	2.666344109491338	0.1859576028382134	-0.008662815747137528	-0.008851940597620643	-0.002545037997302648	-0.002324849163211071	1.871527160020176	-3.840616000000000	12096.00000000000	3802271300.897393
2.117072400423948	0.8833895074475083	0.1832258000195192	1.965121107132243	2.672200587970611	0.1860526220831951	-0.008674693153197412	-0.008826358492213113	-0.002537728824395246	-0.002325762809784296	1.870163085906879	-3.840607000000000	7789.800000000000	3802271303.900791
2.127323515325228	0.8484781727345467	0.1859831850827865	1.971207819819301	2.666371518960728	0.1860206444701024	-0.008659161160653251	-0.008825444845597148	-0.002518542245480049	-0.002325762809788070	1.867573811932912	-3.840585000000000	8280.200000000001	3802271306.903052
2.136511145670616	0.8120337394753152	0.1883650614393539	1.962026586537826	2.671368255558836	0.1859713075533308	-0.008710325371383505	-0.008805344619954133	-0.002535901531171963	-0.002312971757161090	1.866823708215979	-3.840563000000000	8897.100000000000	3802271309.898114
2.146722060303068	0.7752567387097263	0.1908163749240506	1.966365493586668	2.669705417485074	0.1860060261201520	-0.008671952213325543	-0.008772453341610132	-0.002515801305643758	-0.002323935516559384	1.865302486925074	-3.840537000000000	8234.500000000000	3802271312.901182
