4.482535168338030	-0.3368081892114914	1.006630327632631	-1.054108187792623	1.510927399893050	0.2464638393561193	-0.008943305259575091	-0.008972541951616534	5.991900731935273	-0.002239880027975040	-1.502336723653251	-1.117799496845692	-6.114069262639005	-0.001538000000000000	222.8200000000000	3806506254.647571
4.481679991338917	-0.2884927135711011	1.005211435115396	-1.054345736050280	1.509683927413448	0.2464208979397211	-0.008919550447433169	-0.008967973718490119	5.990014949201070	-0.002290130591808431	-1.627855624298165	-1.119758360677865	-6.117245169058071	-0.7507239999999999	226.2600000000000	3806506257.643761
4.487011142877028	-0.2409209490970119	1.004922722922589	-1.055348921489529	1.509854779276118	0.2461824362294960	-0.008932341500106812	-0.008943305259659235	6.034790465677435	-0.002273684952721166	-1.637239713172215	-1.121178170601445	-6.117500089331821	-0.7508200000000000	226.4200000000000	3806506260.642269
4.487948548436830	-0.1926173560270402	1.004355348644892	-1.053305091197624	1.509724127856220	0.2456324211041372	-0.008893968342056137	-0.008936909733288643	6.044228527770428	-0.002311144463929471	-1.609881409241728	-1.118853853160862	-6.116190788848240	-0.7509120000000000	226.4700000000000	3806506263.643912
4.485614171015809	-0.1441913367547940	1.002566429424648	-1.053429347469975	1.509249945484243	0.2468082840232549	-0.008877522702937407	-0.008953355372557512	6.010449771287276	-0.002257239313682531	-1.584555061837995	-1.114843850936160	-6.112928097272142	-0.7510240000000000	226.4300000000000	3806506266.648098
4.484534235948446	-0.09584572076141912	1.001175859938712	-1.053741814610869	1.507316669954869	0.2475063099000185	-0.008901277515052052	-0.008864731650336173	6.046496229572632	-0.002294698824864225	-1.635799802753947	-1.117720929254707	-6.116694235832695	-0.7509840000000000	226.3300000000000	3806506269.642613
4.487885506542064	-0.04813235052186137	1.000393778808604	-1.068541083593913	1.517293687029956	0.2459576792375570	-0.008899450221799833	-0.008893054695539675	6.019788238913246	-0.002300180704579232	-1.678293618048585	-1.109999686272964	-6.121238824994673	-0.8755440000000000	227.2600000000000	3806506272.646311
4.483679058945959	-0.0007890092910513276	0.9978648061820339	-1.058421519177987	1.515053426407098	0.2464409982009118	-0.008927773267050677	-0.008863818003731070	6.027404473224716	-0.002283735065498150	-1.701393406934750	-1.114287432973169	-6.122886134389034	-0.8756159999999999	227.1300000000000	3806506275.643700
4.486322250271314	0.04663747178581020	0.9973403732746040	-1.056480017364128	1.518240224508008	0.2452907173292941	-0.008898536575188014	-0.008906759394887744	6.023728835240634	-0.002267289426479674	-1.697176002668517	-1.118905923955037	-6.122263938404434	-0.8755990000000000	227.2200000000000	3806506278.646326
4.489934824970981	0.09281408247408653	0.9967309712724001	-1.049385541587771	1.507951654136761	0.2467927520670186	-0.008936909733220552	-0.008937823379985218	6.027076468852172	-0.002273684952742668	-1.663744669999690	-1.124215132476033	-6.120293149264570	-0.8757080000000000	227.2600000000000	3806506281.648075
4.485554783727609	0.1380450672926005	0.9945948665028431	-1.065147795638528	1.508807740602589	0.2475209282967626	-0.008914068567709165	-0.008972541951564104	6.017481260400725	-0.002274598599340870	-1.628424827546532	-1.135722531315240	-6.133314710117094	-0.8757370000000000	227.2100000000000	3806506284.647493
4.480660357224269	0.1815940273543472	0.9928616796986275	-1.057535281399282	1.510162678000465	0.2462719736084641	-0.008929600560258457	-0.008972541951606537	6.044509935031865	-0.002286476005321275	-1.617109285499188	-1.152277834655141	-6.122309592615377	-1.001060000000000	228.1400000000000	3806506287.648333
4.480817505135895	0.2245491158239470	0.9915414609678189	-1.056488240336738	1.508436800209540	0.2477548217370551	-0.008949700785925812	-0.008922291387432004	6.042914690284253	-0.002259066606910135	-1.668994497477174	-1.133030009304245	-6.127504715686637	-1.001138000000000	228.1300000000000	3806506290.648790
4.475519245131099	0.2649843661619742	0.9888991962135009	-1.055305067060825	1.510253129002596	0.2459083422992872	-0.009032842628319512	-0.009128775523587490	6.073007768567559	-0.002280080479023096	-1.683886063493068	-1.134702901548016	-6.127021379842793	-1.001079000000000	228.2100000000000	3806506293.643501
4.467215074700609	0.3026604032710175	0.9854437863577863	-1.053160734650626	1.513207861043960	0.2456324210986374	-0.008962491838631372	-0.008978937477928344	6.059556016802637	-0.002300180704515292	-1.644501395950406	-1.138432416194846	-6.128060227394230	-1.001226000000000	228.0000000000000	3806506296.643147
4.468003555170005	0.3391642311666787	0.9845940954095459	-1.051416580743948	1.512706269181433	0.2459037740632330	-0.008955182665624398	-0.008881177289509540	6.053173216410692	-0.002330331042865897	-1.600396820381631	-1.135855015540327	-6.136506164081108	-1.001248000000000	228.1800000000000	3806506299.644949
4.475818008897506	0.3747452754278912	0.9858942139249607	-1.058560394027464	1.514386464716769	0.2462701463259542	-0.008990814883844057	-0.008989901237368085	6.058771183928473	-0.002328503749638032	-1.533581680534267	-1.132472685026579	-6.139561457570856	-1.125846000000000	228.9300000000000	3806506302.643795
4.486492189297019	0.4084597394766121	0.9875278132962539	-1.047287806115002	1.506407591906023	0.2456662260009669	-0.008966146425051301	-0.009034669921734934	6.051323062267889	-0.002300180704536513	-1.492793660267780	-1.133804782146274	-6.132808542570581	-1.125860000000000	229.2400000000000	3806506305.642673
4.484388051851576	0.4390303458883863	0.9861509485017769	-1.053708923792773	1.516908128258320	0.2452788399189753	-0.008967973718327251	-0.008932341500327998	6.058893615334617	-0.002303835291059935	-1.478636674017656	-1.129634892877074	-6.132338016072047	-1.125899000000000	229.0200000000000	3806506308.647011
4.480018974477025	0.4670345193068825	0.9844323800355244	-1.057697910816598	1.510952981977837	0.2472367842275360	-0.009044720034429438	-0.009024619808915389	6.040731052493196	-0.002293785178255822	-1.473161177917061	-1.122595233947316	-6.131675595086789	-1.125905000000000	229.0400000000000	3806506311.643501
4.483387604388570	0.4935147303002402	0.9846863736738231	-1.054243407530799	1.508219352510586	0.2472797255895833	-0.009032842628354411	-0.009066647553352486	6.018992447622796	-0.002282821418893227	-1.441273013811105	-1.124655510132486	-6.143884934633891	-1.125993000000000	229.1000000000000	3806506314.642176
4.482680438790874	0.5171251779506096	0.9835488841785149	-1.053551776158869	1.510147146073187	0.2464227252402523	-0.008925032327175241	-0.008935996086771654	6.001915309938819	-0.002283735065534434	-1.426383283107904	-1.132745863829863	-6.139272737984633	-1.251614000000000	230.1900000000000	3806506317.648582
4.480308601728671	0.5384643006809204	0.9822451110781668	-1.054747741011002	1.511061705955566	0.2467361059852619	-0.008909500334648124	-0.008957009959010399	6.001978351548153	-0.002263634839963783	-1.413356482686864	-1.131125966820418	-6.149400732021220	-1.251659000000000	230.2600000000000	3806506320.642118
4.485012988892299	0.5578801977978696	0.9831678937210344	-1.051228369496481	1.508122505890160	0.2470613641002466	-0.008982592064206539	-0.008921377740819674	5.964347626992327	-0.002301094351186857	-1.401237848901919	-1.144889162209517	-6.146972184948150	-1.251675000000000	230.2200000000000	3806506323.644555
4.490644731536383	0.5751526806048310	0.9839390110978034	-1.054923161702583	1.510392916943342	0.2467662563017243	-0.008916809507583194	-0.009020051575767889	5.932244520632253	-0.002302921644396186	-1.386496130149071	-1.135022675773676	-6.135493802081241	-1.251675000000000	230.1300000000000	3806506326.647898
4.492936167405833	0.5897518343188576	0.9839938298686586	-1.056033243267050	1.512999549723926	0.2462007091741395	-0.008893054695473405	-0.008858336123977835	5.921426844787599	-0.002253584727201842	-1.350858359160820	-1.135347020971927	-6.134658720520957	-1.251748000000000	230.3000000000000	3806506329.649352
4.489800518323889	0.6003309444016088	0.9827320844926720	-1.057266668334788	1.511898606035926	0.2467699108823628	-0.009052942853978228	-0.009008174169703313	5.904188911258245	-0.002283735065492508	-1.337493510252406	-1.134067916280093	-6.133130143818436	-1.376369000000000	231.4800000000000	3806506332.648184
4.484325009955842	0.6081115559515780	0.9814612026547651	-1.058150165806233	1.511962561250438	0.2461906590572117	-0.009071215786413176	-0.009111416237789141	5.873644510938424	-0.002314799050377121	-1.373359692696910	-1.136402288731173	-6.121545773598795	-1.376435000000000	231.4000000000000	3806506335.644034
4.479054159408215	0.6131676743417214	0.9800377419044788	-1.057905308436093	1.512642313967566	0.2464437391145155	-0.008900363868408213	-0.008831840371974861	5.856587482117388	-0.002276425892553953	-1.366897457614932	-1.139332359508471	-6.132332546000161	-1.376366000000000	231.5700000000000	3806506338.648560
4.475741262225714	0.6155586865947840	0.9792026692948157	-1.059804782589709	1.509069043483731	0.2476735071951168	-0.008874781763073126	-0.008881177289455732	5.818078756159830	-0.002310230817306548	-1.373344161056428	-1.138418711503638	-6.134035596004040	-1.376429000000000	231.4600000000000	3806506341.649235
4.473773258786872	0.6155175725132629	0.9788280743604810	-1.059779200291983	1.513419826923950	0.2462939011129301	-0.009044720034398617	-0.009073043079886217	5.808796023606831	-0.002306576230850285	-1.336102024248205	-1.134755897461669	-6.119411433963784	-1.376471000000000	231.4000000000000	3806506344.646771
4.472800220877046	0.6129255580836996	0.9785731670758875	-1.057762779082741	1.511494774224074	0.2469599493559971	-0.008865645296835067	-0.008868386236858315	5.801135027531449	-0.002262721193367718	-1.309484706578689	-1.135499605222327	-6.137108266999122	-1.501926000000000	232.5900000000000	3806506347.648542
4.475588682571638	0.6079324812848409	0.9793680392536273	-1.060441595328399	1.510726397702308	0.2469800495702565	-0.008926859620386852	-0.008847372364613831	5.794581382733512	-0.002302007997815696	-1.318420187341699	-1.126710310572942	-6.137013243438879	-1.501919000000000	232.5100000000000	3806506350.647911
4.479796957376601	0.6005429103342939	0.9807677452032634	-1.058165698003130	1.512394715882926	0.2467881838004795	-0.008978023831134451	-0.009062079320331555	5.816220384988828	-0.002283735065515102	-1.305051684319080	-1.124022352672859	-6.117612438918683	-1.501995000000000	232.5300000000000	3806506353.643826
4.485814260509311	0.5908472961909614	0.9822469383705243	-1.063187106526222	1.507014253158130	0.2497840304515336	-0.008930514206887947	-0.008840063191588773	5.784222365586094	-0.002276425892549919	-1.304555573095640	-1.125680623882805	-6.129336639179098	-1.502103000000000	232.7000000000000	3806506356.648181
4.483996095718251	0.5766876063389439	0.9824963637779610	-1.064155574450894	1.517281809514646	0.2463331879101306	-0.008963405485207850	-0.008974369244770448	5.789169807851132	-0.002326676456426840	-1.276838224333825	-1.129025489094059	-6.128231998825581	-1.502052000000000	232.4700000000000	3806506359.648613
4.479084309883054	0.5600099072687312	0.9819125438682489	-1.058822611415105	1.513301052908009	0.2464081069005713	-0.008922291387295844	-0.009007260523146486	5.804482660149353	-0.002308403524090223	-1.300425882707611	-1.129056553132751	-6.114599169304064	-1.626772000000000	234.2700000000000	3806506362.648652
4.473949593355351	0.5406890293837668	0.9808737281602927	-1.059293139454371	1.514360882616141	0.2472066338793251	-0.008959750898722743	-0.008894881988821029	5.838202004091472	-0.002280080479076574	-1.382695352666917	-1.131697909953654	-6.132297807186812	-1.626795000000000	234.1600000000000	3806506365.643379
4.474708837021582	0.5197098833135323	0.9817352965091035	-1.056903036141734	1.514245763282007	0.2463880066962505	-0.008943305259571812	-0.009035583568267344	5.865134724284057	-0.002258152960276440	-1.398978396159294	-1.140394926925314	-6.129727657113398	-1.626893000000000	233.8900000000000	3806506368.643694
4.476174332621546	0.4966238686696864	0.9827128979228783	-1.055836809386115	1.513326635022310	0.2452505168829225	-0.008864731650241849	-0.008875695409847064	5.892448442501123	-0.002250843787353458	-1.368952252817063	-1.145273807640370	-6.113344699675080	-1.626890000000000	234.3100000000000	3806506371.645647
4.474283075832493	0.4706863636271048	0.9828965408052680	-1.056648128956729	1.514496102288357	0.2489590077362615	-0.009027360748662346	-0.009074870373093713	5.920070065925595	-0.002259980253500547	-1.348283697537360	-1.140607805820407	-6.136344445912001	-1.626874000000000	234.2700000000000	3806506374.644683
4.475244236289293	0.4428302009660888	0.9839052061890855	-1.052832734894237	1.512141635919187	0.2475437694092514	-0.008903104808281144	-0.008871127176751748	5.951115155022987	-0.002286476005326647	-1.349984910845882	-1.141684996789011	-6.126771948194223	-1.752025000000000	235.9900000000000	3806506377.648423
4.478411863011887	0.4129722387640479	0.9854839867897570	-1.055662302673716	1.514666040484655	0.2459823476769811	-0.009019137929026429	-0.008966146425181312	5.982035084630040	-0.002245361907666940	-1.346437214083434	-1.140923928209480	-6.115518311475666	-1.752077000000000	235.9300000000000	3806506380.643585
4.469132827355042	0.3801467527066067	0.9840532168704033	-1.054682872190440	1.514701672720409	0.2460399074002638	-0.008883004582651649	-0.008822703905861226	5.967659626686177	-0.002300180704574142	-1.352987159617873	-1.145099302240028	-6.117955992269726	-1.752170000000000	235.7900000000000	3806506383.644144
4.461651856224457	0.3453870766525829	0.9829340002986896	-1.052975263970664	1.513693007300206	0.2469297990264481	-0.009027360748639366	-0.009114157177743833	5.999453923684363	-0.002254498373840349	-1.349084053672658	-1.142953142846201	-6.130919987206523	-1.752180000000000	235.8100000000000	3806506386.648330
4.461407911517019	0.3097301991100231	0.9837160814296343	-1.055143350611549	1.515367720795715	0.2449700273999407	-0.008879349996184917	-0.008837322251771485	5.982499219988483	-0.002308403524132151	-1.342916927165645	-1.137459376752195	-6.115871004194751	-1.752171000000000	235.8400000000000	3806506389.649131
4.466130571444173	0.2727330014633910	0.9865109250970170	-1.053952867417427	1.513524896291611	0.2471828790797397	-0.008959750898717074	-0.009045633681139234	5.994243346451690	-0.002292871531643905	-1.365588199220160	-1.138320032951766	-6.122508780544954	-1.877279000000000	237.5800000000000	3806506392.648610
4.476336048787222	0.2336901485213758	0.9899599394292334	-1.054968843959521	1.514198253593400	0.2458544371704710	-0.008912241274497296	-0.008851940597624428	5.975040137256695	-0.002329417396229269	-1.440864615196813	-1.137124982507725	-6.140236658037198	-1.877279000000000	237.6100000000000	3806506395.644659
4.476294020853672	0.1919319372105257	0.9914957786588000	-1.054573234324786	1.511431732764747	0.2464519619433765	-0.008998124056770999	-0.009110502591317170	5.969128783978110	-0.002270944012870637	-1.553792505662947	-1.141209903823964	-6.115611522580833	-1.877395000000000	237.6700000000000	3806506398.647120
4.476031803124802	0.1492253595611066	0.9920311753205755	-1.056152018258889	1.511135711355827	0.2470723278401052	-0.008942391612962374	-0.008768798755316597	5.927110690467436	-0.002250843787376566	-1.564656703164690	-1.142779550665128	-6.123493703799634	-1.877337000000000	237.7300000000000	3806506401.650146
4.479070605118505	0.1050825281616655	0.9942833131553521	-1.055822191229162	1.512389233984619	0.2463149149648952	-0.008920464094086433	-0.008866558943513457	5.888388160946452	-0.002302921644405311	-1.556340671877603	-1.129895286090841	-6.130492413740823	-1.877439000000000	237.8300000000000	3806506404.645533
4.478733468036554	0.05974830007622560	0.9952947194769926	-1.055178983018960	1.511530406459587	0.2461248765077661	-0.008973455598015307	-0.008936909733319448	5.902521490194865	-0.002307489877496583	-1.539067227887175	-1.137362529044796	-6.131068916441000	-2.002439000000000	239.9200000000000	3806506407.645184
4.473567687397972	0.01371238966885620	0.9952024412127844	-1.057680551130957	1.513412517820307	0.2466630142657047	-0.008862904357040291	-0.008826358492317407	5.899015794912522	-0.002278253185778592	-1.552505173933628	-1.141996551793554	-6.124302304967742	-2.002486000000000	239.7200000000000	3806506410.649239
4.481165606030871	-0.03314214998891779	0.9984175621210274	-1.056689243012641	1.512915494270660	0.2459850886078641	-0.008995383116927526	-0.009051115561003721	5.926877710090995	-0.002281907772297719	-1.532464287930599	-1.143144094306751	-6.134879832258674	-2.002581000000000	239.6500000000000	3806506413.643992
4.480123130652016	-0.07976736635034559	0.9993915089490648	-1.056263483283016	1.513347648916867	0.2457557633708397	-0.008913154921086481	-0.008788898980902604	5.918416349806339	-0.002283735065504350	-1.524572190273946	-1.142755794338720	-6.147400684889027	-2.002605000000000	239.5100000000000	3806506416.645049
4.477192139420499	-0.1269800596418425	1.000281400328455	-1.055236542815972	1.510112427566703	0.2464464800455727	-0.008883004582676499	-0.008882090936099421	5.951788521628553	-0.002277339539186554	-1.547522133798785	-1.144877286569669	-6.132260336762822	-2.002593000000000	239.8000000000000	3806506419.643137
4.477802458042155	-0.1744394397818784	1.001652783244677	-1.055273088565567	1.512427607121298	0.2462317731407393	-0.008998124056805376	-0.009002692289918788	5.958955235218889	-0.002250843787384355	-1.569182005965985	-1.145450145232648	-6.142409353443766	-2.127342000000000	242.2000000000000	3806506422.648281
4.477932196441011	-0.2219006495542522	1.002266753477614	-1.054072555478879	1.509557844268544	0.2461678178849985	-0.008890313755582642	-0.008840063191618272	6.021964567280521	-0.002294698824858864	-1.576040768442943	-1.147335915694937	-6.152434084342429	-2.127386000000000	242.2100000000000	3806506425.644607
4.474489560871694	-0.2684016189075005	1.002891687464704	-1.053605681373859	1.509258168356873	0.2472331296494253	-0.008834581311768917	-0.008884831875965917	6.040186517633227	-0.002377840666790201	-1.594222380434642	-1.149796370261875	-6.139593415784073	-2.127431000000000	242.2500000000000	3806506428.649646
4.473562205495742	-0.3151191249895209	1.004101355006906	-1.053803029298780	1.509869397585498	0.2457164765612638	-0.009020965222282918	-0.009137911989910642	6.013603705927042	-0.002332158336030346	-1.593240208104291	-1.154855240806161	-6.142467812573198	-2.127430000000000	242.1600000000000	3806506431.648106
4.469691067850074	-0.3620686999288357	1.003941466925404	-1.054894838343970	1.512705355565049	0.2464373435876525	-0.009019137928998585	-0.008908586688088204	6.066938356803177	-0.002285562358688134	-1.568640212838516	-1.151980901981145	-6.147673906491290	-2.127492000000000	242.2500000000000	3806506434.644619
4.477455270801951	-0.4093444494712815	1.007069791445078	-1.051080358531612	1.508092355652099	0.2471527287581620	-0.008909500334641600	-0.008823617552540552	6.004619732575637	-0.002316626343612232	-1.536909189070178	-1.145843922338125	-6.145545048043130	-2.252449000000000	244.9100000000000	3806506437.644908
4.479509157424628	-0.4548760495358247	1.008845919618405	-1.052564122841720	1.510876235807129	0.2461979682065442	-0.008923205033909847	-0.008978937477875542	6.069711297854019	-0.002294698824868793	-1.528237748551636	-1.146808734762960	-6.137699400602925	-2.252525000000000	244.9600000000000	3806506440.648011
4.483189342197719	-0.5002541595190113	1.010364399568952	-1.049863379470469	1.505376999055696	0.2457320085644429	-0.008991728530435407	-0.009037410861529290	6.065513049345181	-0.002269116719660249	-1.526043164286150	-1.152470611271292	-6.149278292446637	-2.252551000000000	245.0600000000000	3806506443.643917
4.478454804602820	-0.5435043879389507	1.010274862243349	-1.050821796117035	1.510642342353089	0.2461431494580820	-0.008907673041371949	-0.008897622928676649	6.062085016815613	-0.002287389651949055	-1.504961633908785	-1.146982328578317	-6.161049957552809	-2.252613000000000	245.0500000000000	3806506446.643359
4.472295885738286	-0.5855120586615545	1.010124110623721	-1.056635338242665	1.512380097431869	0.2461586814208847	-0.008810826499684284	-0.008838235898384597	6.064969428829125	-0.002290130591795260	-1.471403318464622	-1.164543559808981	-6.151835636035528	-2.252659000000000	244.9200000000000	3806506449.646313
4.467638094929245	-0.6261154559601196	1.010199943256629	-1.053629436426110	1.511496601507564	0.2468292978822340	-0.008768798755150419	-0.008967060071757574	6.049123894214580	-0.002282821418878998	-1.448558448003618	-1.161581511180960	-6.154455131856590	-2.377605000000000	248.4900000000000	3806506452.644862
4.468374497315654	-0.6662538091095268	1.011793342193784	-1.054881133715636	1.510185519390147	0.2461066036022928	-0.008892141048826963	-0.009103193418255450	6.011909788116840	-0.002314799050380877	-1.433300516663518	-1.159651887159736	-6.160132629332670	-2.377673000000000	248.4600000000000	3806506455.647886
4.463403324414747	-0.7030244603450371	1.011499148123978	-1.052842784983758	1.510493418043462	0.2462107592857407	-0.009058424733775048	-0.009145221162902279	5.988773289685855	-0.002291957885049712	-1.432579648376719	-1.159710361645349	-6.143741458252922	-2.377714000000000	248.2500000000000	3806506458.648722
4.460135196252333	-0.7384008876355233	1.010958269585686	-1.055813055217881	1.509732350686409	0.2462189821010259	-0.009041979094590580	-0.009117811764216483	5.924059083204562	-0.002298353411326666	-1.472157992442984	-1.160021916974392	-6.156461538520779	-2.377710000000000	248.3600000000000	3806506461.648469
4.452592097160076	-0.7712273266943276	1.009656323779714	-1.058599681114106	1.510010099157868	0.2465597722136190	-0.008961578191985193	-0.008941477966385130	5.895199459832168	-0.002305662584269269	-1.508349443811592	-1.159566921115040	-6.159990109571139	-2.377759000000000	248.5000000000000	3806506464.648840
4.433268388208543	-0.7985928962589153	1.005205953238325	-1.057555381380786	1.509061734373784	0.2465862679451454	-0.008902191161644969	-0.008930514206957141	5.864229293113810	-0.002259066606890244	-1.496437291421885	-1.149278334390159	-6.136430286444737	-2.503189000000000	252.3900000000000	3806506467.644604
4.425201767898427	-0.8262672798614108	1.003628086285717	-1.056703861118277	1.504711864576967	0.2457749499282921	-0.008874781763024990	-0.008774280634984631	5.849803594864051	-0.002275512245942300	-1.516480004033432	-1.155217958248713	-6.156608623439637	-2.503241000000000	252.2600000000000	3806506470.648742
4.433625625584718	-0.8547904433004032	1.005988034368198	-1.058746777852700	1.511140279486629	0.2455328336521744	-0.008851940597572000	-0.008737734770228158	5.865899456611424	-0.002290130591810582	-1.524351087662714	-1.158949297305101	-6.170965991209949	-2.503302000000000	252.1800000000000	3806506473.649676
4.441968168507490	-0.8820153147322917	1.008886120050324	-1.055043762417419	1.507496658307674	0.2458023593376802	-0.008843717778023162	-0.008787071687738476	5.837460118485179	-0.002294698824837089	-1.520675478839889	-1.158529017894221	-6.149323057865193	-2.503344000000000	252.2500000000000	3806506476.647913
4.436859034738952	-0.9029743917004873	1.008210021877364	-1.061131398946028	1.512547294562091	0.2467315377541401	-0.008819962965885579	-0.008782503454571287	5.839296567089475	-0.002331244689459811	-1.531525057622096	-1.163618953701206	-6.146067650394574	-2.503347000000000	252.3100000000000	3806506479.650787
4.443064549152263	-0.9246497691865241	1.009903008248255	-1.057694256613357	1.506699045031070	0.2467315377075725	-0.008852854244202771	-0.008835494958539332	5.829194284417159	-0.002303835291023148	-1.540325322446143	-1.164830451336200	-6.166701906735880	-2.628518000000000	257.3200000000000	3806506482.648894
4.446392064432430	-0.9430305337580743	1.011045979618926	-1.056910345165342	1.507925158470097	0.2460846760849442	-0.008783417101116239	-0.008789812627533932	5.839030690442241	-0.002270030366288297	-1.544638658260589	-1.165482794747525	-6.164499042605152	-2.628570000000000	257.2800000000000	3806506485.649509
4.449546899792622	-0.9590376420484081	1.012393607733740	-1.058767792412131	1.509269132110463	0.2467744791115238	-0.008840976838152610	-0.008810826499763105	5.834273287643645	-0.002310230817346565	-1.540190102513481	-1.167658189154274	-6.150742882853224	-2.628626000000000	257.1000000000000	3806506488.649088
4.452698080574745	-0.9719684987382419	1.013322785898285	-1.058160215557524	1.509383338021481	0.2463496335531615	-0.008836408605067304	-0.008748698529681539	5.846885381615477	-0.002306576230865344	-1.542169065506424	-1.165416096235158	-6.166163757784973	-2.628640000000000	257.3500000000000	3806506491.648437
4.453087295715576	-0.9821401394048856	1.013567643074378	-1.056573210054577	1.511212457575416	0.2466904236520347	-0.008846458717844998	-0.008817222026173013	5.850075863820100	-0.002321194576684154	-1.554020003430710	-1.170728957119322	-6.159383425647344	-2.628679000000000	257.3300000000000	3806506494.645165
4.454191899251152	-0.9895726641573723	1.014222727385040	-1.058423346641022	1.512128844767700	0.2465140898963264	-0.008859249770515677	-0.008740475710097022	5.869217849568267	-0.002272771306118914	-1.559712035691384	-1.171619762461907	-6.146927416585500	-2.754207000000000	263.3500000000000	3806506497.649384
4.456454098067534	-0.9946763007550907	1.014754469461466	-1.058917631797789	1.510780302750428	0.2460883305866474	-0.008890313755569146	-0.008838235898439951	5.858563718363059	-0.002223434388910615	-1.581190092434172	-1.156301538176134	-6.155487576339754	-2.754266000000000	263.3900000000000	3806506500.643882
4.458250335101003	-0.9966662256700014	1.015064195516287	-1.055402826767983	1.509363237623871	0.2464272934667940	-0.008917723154207829	-0.008876609056459987	5.849316617858467	-0.002264548486607131	-1.589570993199659	-1.161195951300694	-6.153198822615721	-2.754252000000000	263.4200000000000	3806506503.645014
4.459232509475576	-0.9957087227715429	1.015373007924921	-1.058340204685562	1.513353130861657	0.2463542017793595	-0.008892141048840485	-0.008872954469878014	5.854796721598309	-0.002249930140793130	-1.611318578825862	-1.159780710285355	-6.134650485366161	-2.754333000000000	263.3900000000000	3806506506.644198
4.460333458427718	-0.9916210625148676	1.015736639104320	-1.056796139690590	1.512251273457056	0.2467671699402964	-0.008952441725761765	-0.009035583568366439	5.840969464450816	-0.002242620967822323	-1.680201316392461	-1.152889062809126	-6.155556083581398	-2.754336000000000	263.4300000000000	3806506509.646017
4.458337131907183	-0.9841857967937472	1.015005722160803	-1.057708874025632	1.513429877108642	0.2467680835979455	-0.008999037703415067	-0.009067561200113429	5.838189212853364	-0.002310230817292563	-1.674581460839156	-1.162124218227764	-6.157854874716213	-2.816656000000000	267.1200000000000	3806506512.649426
4.454253113843323	-0.9731708592012309	1.013855441620902	-1.057858712454191	1.514198253630559	0.2461148264160350	-0.008925945973746328	-0.009031928981846744	5.844773923810608	-0.002262721193341928	-1.666888535888893	-1.159303785926945	-6.141014164794169	-2.816674000000000	267.0500000000000	3806506515.650209
4.452575651400433	-0.9605040466795143	1.013075187783641	-1.057514267345703	1.513578801467766	0.2470714142105787	-0.008828185785438166	-0.008902191161704950	5.887811645777061	-0.002271857659509418	-1.700356415081514	-1.159770661001502	-6.148957589444422	-2.816685000000000	267.1700000000000	3806506518.649527
4.452931975121722	-0.9454763687142894	1.012459390258659	-1.056078012661806	1.512481512306041	0.2463076057883410	-0.008872040823215587	-0.008857422477351988	5.885032335190096	-0.002332158336039763	-1.704065830379557	-1.160912721072891	-6.156684458808926	-2.816765000000000	267.1400000000000	3806506521.649271
4.447042583629883	-0.9263920953424621	1.010667730100563	-1.056389566748776	1.515121950008532	0.2463825248291175	-0.008827272138816846	-0.008766057815478604	5.929437813685075	-0.002303835291052940	-1.731617833971714	-1.156529036545941	-6.147040723256728	-2.816769000000000	267.1100000000000	3806506524.644730
4.444222144392529	-0.9055262096155176	1.009837225723318	-1.054688354158976	1.512793065644404	0.2458516962204933	-0.009000864996631256	-0.008945132552888337	5.986074395029315	-0.002295612471523435	-1.687361584300825	-1.155889483285708	-6.144941106574321	-2.879279000000000	271.3100000000000	3806506527.645820
4.452116998817048	-0.8847297618495892	1.011247895424603	-1.055644030144869	1.513517587191716	0.2458416461139629	-0.008949700785898816	-0.008995383116968615	5.959767478933967	-0.002293785178273024	-1.669179967871685	-1.157572422645452	-6.153594446793436	-2.879318000000000	271.2600000000000	3806506530.645399
4.443034398702451	-0.8572033865832506	1.008328795880687	-1.055745444724824	1.514035624599901	0.2469215761970951	-0.008852854244155214	-0.008957009958909270	5.978155703406496	-0.002279166832424077	-1.665174530884898	-1.157780735677669	-6.154918349201675	-2.879323000000000	271.3100000000000	3806506533.643901
4.440828846288026	-0.8300178030563561	1.007225111295638	-1.052961559437081	1.515826371244879	0.2462144138717154	-0.008770626048400140	-0.008759662289106424	5.964551387718126	-0.002298353411343605	-1.644262932455796	-1.157276402057527	-6.148812297300382	-2.879359000000000	271.2400000000000	3806506536.650780
4.446147206108362	-0.8018473086853105	1.008157030398918	-1.055645857166536	1.515258083348095	0.2492111741430611	-0.009010001462820593	-0.008921377740765100	6.013592018343195	-0.002249016494112720	-1.681994809484667	-1.160437624205503	-6.154999677957314	-2.879402000000000	271.2700000000000	3806506539.648730
4.461988993309138	-0.7738239128126687	1.011860952011062	-1.052782484559993	1.515087231430602	0.2461623360232055	-0.008959750898748465	-0.009018224282592309	6.064384700665082	-0.002275512245960311	-1.698897317776018	-1.148485278384251	-6.156019306030676	-2.941925000000000	275.9700000000000	3806506542.644730
4.465913122592692	-0.7407105883204979	1.012263869976247	-1.054851897071481	1.517019593296250	0.2462610098203473	-0.008831840371894356	-0.008874781763147127	6.021483988301524	-0.002256325667067933	-1.757471365282720	-1.148705467204136	-6.141780724534556	-2.941955000000000	276.2200000000000	3806506545.644264
4.471675516975765	-0.7067183366905129	1.013136402077663	-1.053048356273365	1.515443553474863	0.2467434151271605	-0.008937823379837563	-0.008915895861088655	6.104543606116318	-0.002280080479045397	-1.786059450517772	-1.149696775915039	-6.151621853751180	-2.942003000000000	276.2200000000000	3806506548.646947
4.473732144509884	-0.6695575578487559	1.012802007575965	-1.052389615911183	1.515438985197366	0.2454551736894171	-0.008972541951434560	-0.008980764771066324	5.989390931873698	-0.002280080479007789	-1.782142636269455	-1.146890962529341	-6.160200251252575	-2.942056000000000	276.2400000000000	3806506551.647014
4.473850005441468	-0.6296220342009191	1.011641676927985	-1.051808535904299	1.514428492486185	0.2475108781409119	-0.008894881988706693	-0.008980764771054209	6.028722891865642	-0.002332158336116332	-1.711888494716946	-1.148580297625323	-6.145612644524475	-2.942046000000000	276.2400000000000	3806506554.645271
4.477434256837070	-0.5890369096529107	1.011339260042553	-1.054692008964326	1.515983518406876	0.2464519619241402	-0.008796208153735521	-0.008774280634972702	6.042790433585561	-0.002295612471490668	-1.651729271572858	-1.149031639907977	-6.161021646073442	-3.004825000000000	281.8200000000000	3806506557.649233
4.478721590577539	-0.5464673457201209	1.010471296171967	-1.054929557129951	1.515077181354541	0.2469645175792029	-0.008978023831170691	-0.008999951350100238	5.981910828954839	-0.002271857659492757	-1.605704205366191	-1.145345069992426	-6.157614570308827	-3.004870000000000	281.9600000000000	3806506560.645015
4.480936279717891	-0.5026671015614955	1.010000768389468	-1.055301411861109	1.515588823225469	0.2465396719905957	-0.009077611312745273	-0.009169889621557840	5.973938265766091	-0.002313885403760899	-1.577475195966346	-1.145473894193501	-6.151208848960912	-3.004914000000000	281.8700000000000	3806506563.644313
4.474699700519133	-0.4572104177822243	1.007453522840557	-1.056095372031780	1.517750510231153	0.2450467737254516	-0.008757834995702167	-0.008761489582366293	5.944089147814934	-0.002284648712130226	-1.541566970939741	-1.149503083094423	-6.163615545479367	-3.004921000000000	281.7900000000000	3806506566.644454
4.474821216048029	-0.4117034860544283	1.006274919268694	-1.056547627819967	1.515052512917653	0.2463870930275662	-0.009007260522997145	-0.008914068567903076	5.921066866468298	-0.002282821418880869	-1.504797177300977	-1.158690729510075	-6.151541428774976	-3.004950000000000	282.0800000000000	3806506569.649557
4.472724387875319	-0.3647255852854657	1.004947391369443	-1.056985265083745	1.513671079836645	0.2455593293678207	-0.008847372364496680	-0.008939650673181372	5.918875004665432	-0.002330331042822644	-1.554598343398449	-1.162521655828361	-6.159896917002611	-3.036203000000000	285.3300000000000	3806506572.650814
4.470430211184977	-0.3172396994687249	1.003328410338702	-1.058325586382203	1.514557316646284	0.2470540549201806	-0.008901277515109269	-0.008811740146429591	5.890607428985671	-0.002285562358682489	-1.572004266800701	-1.156227533199237	-6.164093362718059	-3.036271000000000	285.2600000000000	3806506575.651508
4.467660022546123	-0.2700534924294069	1.001326611558414	-1.056328352173124	1.515522126955197	0.2469170079609104	-0.008938737026498677	-0.009042892741474925	5.844934728354895	-0.002290130591797142	-1.577697212552410	-1.155194196632304	-6.140632248640312	-3.036296000000000	285.3700000000000	3806506578.650075
4.475849073000965	-0.2230719447722709	1.002013673485773	-1.057435693707595	1.515701201715113	0.2458443870466210	-0.008819962965857211	-0.008785244394355083	5.828702735612234	-0.002239880027983632	-1.576395262932050	-1.156607609873668	-6.159503134292006	-3.036326000000000	285.2200000000000	3806506581.651395
4.478866861028785	-0.1757395591327326	1.001824548726518	-1.057699737571827	1.515703028965071	0.2472998258365726	-0.008953355372364687	-0.009009087816372703	5.833988227935194	-0.002244448261062543	-1.628503401154409	-1.160120587099986	-6.160636067760490	-3.036396000000000	285.3800000000000	3806506584.650359
4.476139613903548	-0.1275300749720694	0.9999634514577775	-1.057922667490544	1.515703942718980	0.2453884774823770	-0.008924118680559623	-0.008793467213977675	5.832879056293115	-0.002294698824864251	-1.589280453641333	-1.171264354290134	-6.138904495071041	-3.067847000000000	288.6000000000000	3806506587.649638
4.474317794561772	-0.07950606340478839	0.9984458851526259	-1.058807079030819	1.514439456272470	0.2456315074308207	-0.009005433229729288	-0.009023706162250171	5.845759757569765	-0.002259980253512375	-1.515674165379137	-1.164853285588194	-6.161358789125290	-3.067877000000000	289.0100000000000	3806506590.650483
4.477649878391441	-0.03204942860800955	0.9975642165887317	-1.056896640927751	1.516722658236210	0.2460791941895948	-0.008873868116439596	-0.008978937477856712	5.852866166977186	-0.002270030366289637	-1.474335216724325	-1.152562890835382	-6.162646120300942	-3.067903000000000	288.8900000000000	3806506593.651249
4.474982018561469	0.01534964437406879	0.9956711417032847	-1.057796584110746	1.517003147578369	0.2460846760657107	-0.008904018454893600	-0.008969801011622648	5.879783355379657	-0.002292871531615417	-1.512808048482589	-1.150704529551455	-6.139571476973691	-3.067924000000000	288.8100000000000	3806506596.650996
4.474212724734437	0.06224803707515859	0.9943271681719932	-1.056482758707606	1.515659173948103	0.2467881838265268	-0.008918636800840724	-0.008939650673222766	5.890620223911969	-0.002304748937602540	-1.579987730338126	-1.153851133707854	-6.151070911159186	-3.067961000000000	288.9400000000000	3806506599.645010
4.470098556017763	0.1081222301654241	0.9918813373469573	-1.055658648292632	1.514703500002523	0.2463149149498643	-0.008947873492711301	-0.008832754018685393	5.921326345170363	-0.002288303298581097	-1.679769160444833	-1.142914766141174	-6.139340338843636	-3.099144000000000	292.9200000000000	3806506602.650216
4.465222402744829	0.1529941513653250	0.9895213892625353	-1.055555406077320	1.514709895539039	0.2464007977458491	-0.008909500334630316	-0.008983505710996414	5.920756219352843	-0.002334899275910418	-1.700768470835446	-1.140499080863179	-6.138276827200304	-3.099169000000000	293.0300000000000	3806506605.650905
4.465212352591642	0.1966792442587512	0.9887667175173200	-1.056088061831758	1.517091771365674	0.2465999726897645	-0.008921377740713419	-0.008872954469956919	5.963836892289310	-0.002316626343628877	-1.701605373356098	-1.138496364204013	-6.148716383044333	-3.099206000000000	293.0400000000000	3806506608.651078
4.462526219850508	0.2393200378912979	0.9867649187352537	-1.054129201200872	1.512692564447299	0.2466282957006621	-0.008919550447446687	-0.008904018455026570	5.988056070806683	-0.002317539990221730	-1.731937611017975	-1.142299881141485	-6.126620276121015	-3.099245000000000	293.0100000000000	3806506611.649678
4.453002326223204	0.2789457970985414	0.9831249523505015	-1.054859206378606	1.516823159270039	0.2463724746960288	-0.009126948230244765	-0.009150703042541581	5.993974733899305	-0.002336726569128064	-1.745676153943592	-1.138217701547318	-6.144158124399986	-3.099265000000000	293.0000000000000	3806506614.646467
4.449916014615902	0.3171069800996640	0.9811176716906609	-1.053860589090158	1.515596132385451	0.2468265569843904	-0.008999951350026103	-0.009049288267615651	5.981711648817019	-0.002333985629309793	-1.768141874705081	-1.137579062096933	-6.151227139773751	-3.130630000000000	297.2000000000000	3806506617.645996
4.452845178329026	0.3542512737746242	0.9809998113332744	-1.054861947431626	1.516015495998309	0.2465542903290460	-0.009078524959371502	-0.009041979094726484	5.991728051483138	-0.002349517621747538	-1.770129062298448	-1.135298595963445	-6.128222840459951	-3.130637000000000	297.1600000000000	3806506620.645284
4.466094025423579	0.3905869896089322	0.9831706346595703	-1.053922716985849	1.514831410484635	0.2463057785150914	-0.008900363868441742	-0.008825444845701106	5.990810742083458	-0.002362308674382836	-1.716161631371918	-1.130606099828573	-6.141309302636839	-3.130691000000000	297.0400000000000	3806506623.650292
4.469617062142936	0.4246056975912401	0.9831331751661485	-1.055982079632794	1.517138367274072	0.2466803735367300	-0.009084006839075499	-0.009136084696560472	6.006585915984706	-0.002332158336076836	-1.723680963860860	-1.135272100486645	-6.145653776010878	-3.130707000000000	297.1300000000000	3806506626.646251
4.466778349711175	0.4561968466783580	0.9817215918163918	-1.053016378590012	1.515500199469495	0.2468731529170961	-0.008924118680569087	-0.008878436349660113	5.980411514925436	-0.002304748937638269	-1.708141619530931	-1.139365243866086	-6.134179951009913	-3.130739000000000	297.1800000000000	3806506629.649389
4.468886141655635	0.4867016697979232	0.9817919425723365	-1.054566838958191	1.517585140232081	0.2463395834101954	-0.008862904356989445	-0.008910413981363016	5.979808504546958	-0.002304748937613817	-1.664046173800831	-1.140891036135976	-6.147526807313657	-3.161883000000000	302.2000000000000	3806506632.650260
4.467768746964936	0.5142663786919699	0.9803684818220842	-1.054919507090511	1.516203707118452	0.2465552039665578	-0.009042892741199177	-0.009037410861584385	5.986215055032242	-0.002297439764745651	-1.656319444212733	-1.140927581773036	-6.149027955732221	-3.161898000000000	302.1700000000000	3806506635.645058
4.467504701939894	0.5403208299275326	0.9795489411975189	-1.054434359970268	1.516137924664470	0.2464674939231205	-0.008899450221817973	-0.008950614432645590	5.978150226076636	-0.002307489877468636	-1.602119047886938	-1.137992943871705	-6.143227074582837	-3.161937000000000	302.1400000000000	3806506638.646014
4.472323295263653	0.5645077878782098	0.9802232120792663	-1.053073937750284	1.516784786281310	0.2463779565998390	-0.008899450221813670	-0.008932341500246108	5.998282618750443	-0.002317539990212052	-1.529333213425953	-1.144872713902319	-6.155059972459864	-3.161950000000000	302.0900000000000	3806506641.647216
4.475500972114565	0.5869049125511526	0.9804068549616847	-1.056080753182699	1.518491477250438	0.2463121740193506	-0.008936909733222153	-0.008902191161817960	5.957709006507404	-0.002275512245946606	-1.494010640453544	-1.144171032244790	-6.138230241581486	-3.162003000000000	302.0500000000000	3806506644.646399
4.468095833885071	0.6046113771289860	0.9780149292590732	-1.055357144215711	1.514710809213328	0.2467552925396031	-0.008945132552812386	-0.008924118680662615	5.980175795241840	-0.002288303298549399	-1.549430745514564	-1.151090089855340	-6.139925092544776	-3.193384000000000	307.3500000000000	3806506647.652151
4.461435321038615	0.6196719220327480	0.9756485856491446	-1.055746358369491	1.519082606441578	0.2460645758576673	-0.008955182665650390	-0.008927773267207055	5.924998319541950	-0.002312971757199506	-1.496374249907630	-1.161238893781519	-6.155673034195337	-3.193424000000000	307.0400000000000	3806506650.646304
4.459132921561928	0.6332149004303182	0.9747066164359637	-1.056117299296000	1.519956965898051	0.2462710599492904	-0.008862904356985639	-0.008883004582715119	5.922947166036373	-0.002261807546775955	-1.472045613032579	-1.157547755548304	-6.129609781535641	-3.193456000000000	307.4300000000000	3806506653.647535
4.466844132571592	0.6459447336024611	0.9762095644045792	-1.056582346245072	1.518223778956779	0.2465524630318249	-0.008938737026458100	-0.008966146425270114	5.921890064412811	-0.002269116719652469	-1.421360957103343	-1.146713716050681	-6.148943891090051	-3.193475000000000	307.3900000000000	3806506656.651313
4.475324637544740	0.6556741524590112	0.9778988961940532	-1.056219628110102	1.517767869570366	0.2461687315233388	-0.008870213529960197	-0.008856508830803241	5.907137278894798	-0.002249930140774322	-1.380175509725557	-1.146674430990771	-6.152244961410631	-3.193525000000000	307.2700000000000	3806506659.650228
4.481973273197652	0.6632354887545578	0.9792812428663985	-1.056832685905979	1.520368106742072	0.2463158285867890	-0.008875695409681724	-0.008829099432189473	5.925878174200490	-0.002274598599357797	-1.341131657758489	-1.146887311388291	-6.131061601659313	-3.224905000000000	313.7700000000000	3806506662.651034
4.486524167066192	0.6680248223432763	0.9803063538817639	-1.055676007609850	1.518142464501460	0.2460965534703555	-0.008895795635337786	-0.008911327627967376	5.896708815705583	-0.002307489877436401	-1.338141286918279	-1.146369273885646	-6.143285553196131	-3.224936000000000	313.6900000000000	3806506665.645018
4.487693639902407	0.6693971189939486	0.9804790330100114	-1.055740876305985	1.519319240887071	0.2464875941442906	-0.008839149544856982	-0.008862904357215951	5.896303153294032	-0.002348603975148517	-1.332407229488566	-1.151118417580210	-6.140279585798337	-3.224957000000000	313.5800000000000	3806506668.650930
4.484281154722790	0.6665648156529801	0.9797654753424633	-1.057338846808135	1.520074826343086	0.2465899225655133	-0.008901277515065005	-0.008865645297030541	5.892514225542316	-0.002354999501441573	-1.331682706505462	-1.144601366303125	-6.124726234477963	-3.224975000000000	313.7200000000000	3806506671.651344
4.485195719018455	0.6617471590287335	0.9801099199527983	-1.056469053680228	1.519469078789413	0.2460682304489837	-0.008990814883850305	-0.009023706162264080	5.907788714590517	-0.002321194576696245	-1.316641313571924	-1.146275169289340	-6.140877114743731	-3.225036000000000	313.6400000000000	3806506674.646518
4.483638858316638	0.6541081627983913	0.9798906448693032	-1.055996697924077	1.520044675985684	0.2465287082354361	-0.008956096312276897	-0.008951528079242575	5.934962645336798	-0.002324849163145791	-1.294841664768072	-1.145787281749818	-6.133994475256881	-3.256396000000000	320.4300000000000	3806506677.648775
4.483504551671782	0.6442508334624880	0.9800870787982718	-1.057525230813306	1.520708896866482	0.2451883889274522	-0.008878436349522239	-0.008809912853115900	5.921746636879138	-0.002301094351173149	-1.272862027382623	-1.150064068077023	-6.130884348340276	-3.256433000000000	320.4700000000000	3806506680.648046
4.483050467301060	0.6310623498636172	0.9804497963322181	-1.056623460489091	1.519927729317244	0.2462061910494872	-0.008888486462361603	-0.008946046199610381	5.917851709847343	-0.002280080479042439	-1.272717671068939	-1.150185582281708	-6.143699440450965	-3.256455000000000	320.5700000000000	3806506683.650400
4.485457023107495	0.6156865970667621	0.9813908518988079	-1.054529379086627	1.519763273012584	0.2457356631232174	-0.008957923605500368	-0.009002692289937797	5.916657562881920	-0.002288303298592120	-1.309657385567180	-1.148314430162395	-6.129207762720259	-3.256497000000000	320.3800000000000	3806506686.650957
4.493612268911854	0.5986242531810294	0.9837654183233835	-1.055212788010954	1.519586025601430	0.2452523441563633	-0.008945132552828623	-0.008928686913730664	5.931929308974427	-0.002323021869923833	-1.306735537949275	-1.146675344842558	-6.134064827891830	-3.256530000000000	320.6000000000000	3806506689.650869
4.496179627299116	0.5780123934251900	0.9850235091145890	-1.056697465964678	1.519302795214039	0.2462226366799056	-0.008906759394756297	-0.008896709282041313	5.933118889992577	-0.002281907772252035	-1.307038869176000	-1.146366530205630	-6.138909085856525	-3.269134000000000	323.3300000000000	3806506692.649910
4.490315817302636	0.5540447107177144	0.9844844578678225	-1.055630324856720	1.520527994975577	0.2463377561310494	-0.008902191161673885	-0.008912241274589778	5.912752601586440	-0.002323935516523930	-1.317002204067007	-1.145940768886681	-6.129194082300895	-3.269167000000000	323.4400000000000	3806506695.651401
4.487044034286912	0.5282561307128786	0.9842779738309397	-1.055437545317302	1.520763715626437	0.2471253193455392	-0.008948787139324798	-0.008977110184611564	5.898259291019047	-0.002273684952755293	-1.352178580849183	-1.148795919967432	-6.127131010476794	-3.269207000000000	323.6000000000000	3806506698.651177
4.486067341741910	0.5006539625007664	0.9850399547458418	-1.056884763683806	1.521067959819232	0.2458562644676255	-0.008907673041402223	-0.008937823379939187	5.875521155146601	-0.002299267057947173	-1.355449442218018	-1.151404386000727	-6.139273645222634	-3.269248000000000	323.6700000000000	3806506701.646677
4.477722970442672	0.4705712441865744	0.9840449940547935	-1.057021810488403	1.520575504554958	0.2461641633182209	-0.008888486462376203	-0.008892141049029205	5.895126365633243	-0.002305662584256106	-1.382219341742801	-1.146564791432965	-6.130146120422170	-3.269257000000000	323.6200000000000	3806506704.650801
4.474571789431524	0.4386731101679634	0.9839810388221225	-1.058445274026734	1.524442055417944	0.2460152389593017	-0.008878436349523865	-0.008860163417285133	5.895936780838599	-0.002270944012897229	-1.444899284976419	-1.141986499648560	-6.119065166288722	-3.281738000000000	326.7000000000000	3806506707.651267
4.467197715341790	0.4045328874841650	0.9833350909721607	-1.057617509118434	1.521162065456834	0.2466940782397897	-0.008861990710377292	-0.008883918229368966	5.877271720941995	-0.002278253185842797	-1.472878860190858	-1.138825277335198	-6.134597514504899	-3.281753000000000	326.8900000000000	3806506710.652505
4.455562375128078	0.3686676998194500	0.9815242442412636	-1.057299559806605	1.519944174938901	0.2460874170167757	-0.008925032327218609	-0.008972541951518087	5.920430957271301	-0.002333985629315978	-1.547848307190104	-1.132767790903316	-6.133236128020815	-3.281784000000000	326.8800000000000	3806506713.650147
4.450937475941833	0.3315526431520799	0.9809568699627724	-1.055860564025418	1.520139695145517	0.2460088434045353	-0.008882090936036003	-0.008890313755691857	5.885693789325710	-0.002310230817328569	-1.713228820216908	-1.128258025571091	-6.116266614099768	-3.281792000000000	327.1100000000000	3806506716.649689
4.453165869670015	0.2940483722683096	0.9826251878894715	-1.058128238541935	1.520080308179231	0.2465095216538780	-0.008889400108966735	-0.008946959846131336	5.909904738734586	-0.002304748937659229	-1.791029703587847	-1.138697376144171	-6.122544420884501	-3.281833000000000	326.8700000000000	3806506719.651417
4.460889871644569	0.2549287735867812	0.9856749388415263	-1.055302325576798	1.519094483960660	0.2461148264102247	-0.008877522702912812	-0.008887572815827617	5.916291189808859	-0.002254498373859962	-1.763303189766747	-1.134329222402512	-6.124684214727210	-3.294216000000000	330.3200000000000	3806506722.651169
4.464714413009000	0.2134547069474040	0.9881125468519321	-1.052099988882386	1.520288619627490	0.2465177445109916	-0.008901277515069373	-0.008923205034005840	5.962938774696203	-0.002301094351154894	-1.711925954756220	-1.136625219531119	-6.104822017387132	-3.294245000000000	330.2800000000000	3806506725.651898
4.465199561475680	0.1704566767496482	0.9890673071107607	-1.055211873085756	1.518580100905184	0.2460380801349544	-0.008912241274492734	-0.008880263642892263	5.961175416974672	-0.002317539990229519	-1.768425107052216	-1.138479009144447	-6.133319293412058	-3.294275000000000	330.3700000000000	3806506728.650829
4.468834977222224	0.1269479167610968	0.9910645376615651	-1.055601088319573	1.519339341205218	0.2464437391095534	-0.008909500334627866	-0.008921377740796443	5.978315592656592	-0.002307489877486911	-1.730471206748149	-1.140547505887600	-6.144311599994291	-3.294295000000000	330.3100000000000	3806506731.646360
4.467692000315425	0.08228704699172652	0.9921051806611866	-1.054492833754237	1.520306892413550	0.2467297104478108	-0.008921377740686123	-0.008898536575287674	5.973949231154767	-0.002267289426437229	-1.646102108048622	-1.144328181066734	-6.124742684348297	-3.294321000000000	330.4400000000000	3806506734.651251
4.467410595936178	0.03730639927411260	0.9933285528968396	-1.054628966428137	1.520500585538873	0.2469681721828756	-0.009009087816251416	-0.008974369244769928	5.964624464385332	-0.002298353411347349	-1.660335846041490	-1.154560127023539	-6.133115520193583	-3.306869000000000	333.9900000000000	3806506737.651354
4.468468603341642	-0.008624442668156703	0.9946213622420532	-1.056069790022939	1.517779746872218	0.2472514025285378	-0.008912241274530329	-0.008935996086690344	5.978488271921061	-0.002320280930090790	-1.679500548277150	-1.149837479763586	-6.141160369734189	-3.306895000000000	334.1000000000000	3806506740.651762
4.472645813922985	-0.05412861351481795	0.9971220118375335	-1.055292275390297	1.519738604535135	0.2463962295058215	-0.008901277515023899	-0.008958837252322381	5.954217014729699	-0.002247189200871167	-1.653691790087958	-1.143325909464086	-6.129318336239255	-3.306944000000000	334.3200000000000	3806506743.651190
4.469335657754340	-0.09945919343530626	0.9974801611401779	-1.055041935957871	1.517684727659181	0.2460581803220190	-0.008931427853484379	-0.008912241274574595	5.945361868466271	-0.002280994125644149	-1.658483878792390	-1.136888343913636	-6.127202275831294	-3.306964000000000	333.8900000000000	3806506746.649557
4.470871504429728	-0.1450035686926817	0.9990333596464583	-1.056526613589680	1.519400555464362	0.2466237274779449	-0.008959750898794167	-0.008980764771127451	5.923472517810117	-0.002280994125657850	-1.652735199167199	-1.134083444355752	-6.140676128543385	-3.306992000000000	334.1600000000000	3806506749.648396
4.470949164733697	-0.1897549006446173	1.000264041051030	-1.055693367501051	1.519332031827389	0.2471353694101411	-0.008866558943482400	-0.008916809507701622	5.939618633128645	-0.002288303298591053	-1.600151048096910	-1.136272544750895	-6.133630843813855	-3.319587000000000	338.0600000000000	3806506752.648427
4.467305526126111	-0.2344358838920466	1.000069434414685	-1.056397789409681	1.517546767215978	0.2468731529491390	-0.008909500334627080	-0.008888486462491459	5.955218381163982	-0.002298353411327734	-1.534358281333487	-1.142521898187413	-6.113089791746331	-3.319608000000000	337.9000000000000	3806506755.651434
4.464994903746154	-0.2783119464311075	1.000952930270771	-1.055727171777151	1.519311018046809	0.2462272048945117	-0.008855595184023287	-0.008872040823385406	5.976533048586167	-0.002306576230872848	-1.566292135167049	-1.137241015939016	-6.124330644941186	-3.319652000000000	338.0100000000000	3806506758.651666
4.469580516117006	-0.3226247343574707	1.003249836767238	-1.054939607230248	1.517740460182710	0.2464784576736804	-0.008898536575183675	-0.008872040823335960	5.973018215591724	-0.002264548486566310	-1.550571894323025	-1.141486740968084	-6.128251181518189	-3.319670000000000	338.2300000000000	3806506761.650863
4.469840906549775	-0.3668781375162204	1.003996285696183	-1.054384109204771	1.516941933367426	0.2476223430098513	-0.008913154921098105	-0.008895795635405363	6.013330520961047	-0.002281907772283193	-1.571437805555532	-1.140855411549437	-6.110309503529374	-3.319701000000000	338.1200000000000	3806506764.647660
4.474551689116065	-0.4108026300848282	1.006406484318584	-1.054763273378610	1.517938721335275	0.2460380800996418	-0.008867472590115619	-0.008956096312380776	6.022753964256014	-0.002237139088186583	-1.538076832697263	-1.143580820750146	-6.122835875499786	-3.332397000000000	342.5100000000000	3806506767.652019
4.470321486761218	-0.4528331346880409	1.006360802009599	-1.055274002504454	1.519416087393767	0.2470440048100561	-0.008861077063746770	-0.008855595184210420	6.011066482432066	-0.002268203073065267	-1.545587939582807	-1.140044095675427	-6.125581428782012	-3.332412000000000	342.4100000000000	3806506770.651945
4.470448484196536	-0.4946681210550990	1.007284498297315	-1.055177155830622	1.518555432571050	0.2467233149198338	-0.008882090936002212	-0.008876609056402354	6.007036353589310	-0.002294698824882767	-1.554618444890658	-1.140520103273782	-6.108686828814243	-3.332459000000000	342.1800000000000	3806506773.652238
4.474054663177826	-0.5354350561794514	1.009251578522173	-1.053999463370997	1.518711666139122	0.2464455664101191	-0.008877522702967464	-0.008885745522601952	6.021367951203970	-0.002309317170690600	-1.569320881508965	-1.137675914044567	-6.120885218246269	-3.332466000000000	342.2900000000000	3806506776.651471
4.477349287329471	-0.5753203239694086	1.011043238680378	-1.053475029556380	1.518608424149411	0.2474990007395881	-0.008901277515039328	-0.008876609056408812	5.983849600724593	-0.002301094351188198	-1.600033187343552	-1.136395894313375	-6.128828601515490	-3.332505000000000	342.4400000000000	3806506779.651838
4.475445239424353	-0.6128264564820654	1.011476306969494	-1.054571407030619	1.518699788753647	0.2467781337189075	-0.008876609056331771	-0.008904932101623837	5.982782451634881	-0.002287389651990148	-1.603715192857792	-1.142227707316492	-6.105959549318228	-3.344890000000000	346.5200000000000	3806506782.647265
4.476090276766017	-0.6489822202670522	1.012690542742070	-1.053282250270429	1.516023718810016	0.2455593293844773	-0.008913154921130019	-0.008906759394819009	6.019125841653683	-0.002260893900140946	-1.693512272107351	-1.146141777084462	-6.117165679754804	-3.344907000000000	346.8700000000000	3806506785.652744
4.477159247999342	-0.6833317051013141	1.014177045076067	-1.051887109836996	1.514328905026814	0.2481824082549333	-0.008862904357041132	-0.008851940597680189	6.045921530295977	-0.002287389651969749	-1.801309172355581	-1.138635244746202	-6.127779724361559	-3.344953000000000	346.6700000000000	3806506788.646810
4.472097623554717	-0.7139187917101915	1.013294462866712	-1.054547652314446	1.515421625964652	0.2443606252336770	-0.008897622928555823	-0.008907673041430034	6.054194690442268	-0.002291044238406102	-1.822333157084600	-1.140776835250692	-6.112880569365296	-3.344976000000000	346.7900000000000	3806506791.652133
4.469440727574285	-0.7428540051597413	1.013086151537795	-1.053047442652411	1.516429377752105	0.2482481908038683	-0.009092229658681367	-0.009053856500722039	6.055991844833116	-0.002295612471488248	-1.848641691846136	-1.139156936876177	-6.119771432313098	-3.344998000000000	346.7200000000000	3806506794.651330
4.462687936007702	-0.7689477762466385	1.011982466952944	-1.049532638512596	1.510353630163042	0.2458900693658462	-0.009019137929017500	-0.008978937477834171	6.047830157895392	-0.002347690328545181	-1.909716420687889	-1.143429156316900	-6.128780197904051	-3.357444000000000	351.3900000000000	3806506797.646806
4.447567932723253	-0.7901105928262816	1.008554466487074	-1.053995809218918	1.514687054376701	0.2464099341948501	-0.008881177289414404	-0.008993555823756195	6.058385621012873	-0.002308403524116826	-1.958191013505586	-1.142346486363258	-6.117484527301650	-3.357477000000000	351.6200000000000	3806506800.651810
4.441077359231664	-0.8103369214065375	1.007084409783960	-1.053941903970382	1.515512990592698	0.2462920738180598	-0.008859249770516501	-0.008872040823299614	5.989980228701579	-0.002305662584243209	-1.937548927958495	-1.137744438433898	-6.111966897330495	-3.357505000000000	351.5400000000000	3806506803.652455
4.431920753720632	-0.8276551104530477	1.005204125945954	-1.052546763204065	1.512876207541754	0.2470348683360889	-0.008889400108984841	-0.008930514207018781	5.992468111366080	-0.002317539990242679	-1.939710621407072	-1.130607013922878	-6.124740879200155	-3.357529000000000	351.3900000000000	3806506806.652829
4.424418769422664	-0.8420514550543037	1.003697523395393	-1.052532144856660	1.514019178956885	0.2467516379484103	-0.008872954469814747	-0.008890313755724867	5.956744188119653	-0.002305662584246431	-1.921518944395299	-1.135469448659467	-6.119460796607059	-3.357549000000000	351.8500000000000	3806506809.653280
4.433488577989191	-0.8566588525790993	1.006052903246986	-1.054563184646471	1.514373673761251	0.2468165068664496	-0.008914068567755154	-0.008926859620521274	5.968302839904562	-0.002324849163187441	-1.865124840651864	-1.140927582494709	-6.107002940690522	-3.370208000000000	356.9800000000000	3806506812.652451
4.442798676847560	-0.8695029105495063	1.008589185041922	-1.054155697137575	1.514668781443806	0.2460024478902150	-0.008946959846074800	-0.008857422477356564	5.968778854146703	-0.002321194576720971	-1.806265719200680	-1.131446656089232	-6.126061120579499	-3.370237000000000	357.1500000000000	3806506815.646775
4.444455125274765	-0.8777586304087193	1.009338374909249	-1.054504710899343	1.512560085826359	0.2461614223697167	-0.008926859620409603	-0.008930514206991773	5.970591546038565	-0.002275512245961650	-1.790138895120225	-1.133422877406342	-6.130419306769550	-3.370263000000000	356.9700000000000	3806506818.652826
4.439742515805714	-0.8814049980802973	1.008423815083407	-1.055602002109834	1.514380069130328	0.2449133813481648	-0.008935996086625984	-0.008935082440154406	5.956192339483801	-0.002301094351197063	-1.772782300105617	-1.140203061297492	-6.118243779445570	-3.370281000000000	356.9300000000000	3806506821.648931
4.437469353287772	-0.8822583449655274	1.007956028239406	-1.055281311533191	1.513646411336668	0.2462080183505473	-0.008925945973831572	-0.008957009958905188	5.963090437319007	-0.002280080479053723	-1.738355997476736	-1.141880519091175	-6.126108636717315	-3.370317000000000	356.9400000000000	3806506824.652426
4.438769477987973	-0.8802528884229196	1.008191748953770	-1.055512464381648	1.512549122128813	0.2456379029790330	-0.008967973718322107	-0.008957923605630625	5.964230678574454	-0.002296526118168110	-1.731584029648310	-1.143173330615103	-6.136155302769152	-3.382903000000000	362.5800000000000	3806506827.647647
4.435795545532677	-0.8744247302438781	1.007116387400244	-1.055894369304330	1.515575118479828	0.2468923395084538	-0.008984419357462470	-0.008971628304958306	5.944455522235306	-0.002266375779856735	-1.701063580315363	-1.141325021877590	-6.115699222533848	-1.678001000000000	239.5600000000000	3806506830.652090
4.429205384387429	-0.8647080879077944	1.005192248545634	-1.055815795794081	1.515465480862591	0.2461312720449577	-0.008957009958881167	-0.008927773267127768	5.927857147635684	-0.002262721193332791	-1.716756417561450	-1.140813378554430	-6.129838227789777	-0.009117999999999999	223.5500000000000	3806506833.647131
4.421916280737523	-0.8528233599953930	1.003165781318680	-1.057150635730818	1.515955195355959	0.2457758635778776	-0.008929600560280405	-0.008946959846184311	5.937974969261323	-0.002271857659515606	-1.694292526871600	-1.134804315465672	-6.138708086845350	-0.009129999999999999	222.7700000000000	3806506836.651830
