2.390522295624255	0.3141147881589751	0.2574568332902226	2.058549687206053	2.472657330932445	0.2065283530535724	-0.007899920819898392	-0.007876166007686796	-0.002432659463678034	-0.002265462133241075	4.931168085374776	0.0007870000000000000	44.66100000000000	3803997178.277843
2.391085102081306	0.3516583453673387	0.2568245899588041	2.060950750509357	2.470639998686680	0.2056037428451999	-0.007942862210976575	-0.007910884579217244	-0.002506664839502075	-0.002244448261060937	4.929603913384634	0.0007950000000000000	44.69100000000000	3803997181.279096
2.390073695018941	0.3883750517850716	0.2557346097685535	2.058144028198023	2.472513888481557	0.2064954617738821	-0.007892611646898738	-0.007824088150386545	-0.002436314050128380	-0.002278253185797124	4.931260364297258	0.0007800000000000000	44.68300000000000	3803997184.279017
2.389741127566053	0.4251538853870929	0.2545523512932506	2.058056318195991	2.471920931721080	0.2056412023441700	-0.007859720368629891	-0.007823174503778433	-0.002436314050169220	-0.002256325667059071	4.926432627758236	0.0007530000000000000	44.68300000000000	3803997187.279894
2.393326277807473	0.4622652855225021	0.2542755164213264	2.059359178105395	2.472123761649146	0.2048938395404812	-0.007789369578950879	-0.007838706496293681	-0.002494787433518174	-0.002278253185812187	4.925001848864138	0.0007210000000000000	44.64600000000000	3803997190.284644
2.390307588612349	0.4970523687727191	0.2529845340162869	2.058179660402165	2.473263079087286	0.2068371655445281	-0.007853324842319433	-0.007809469804482643	-0.002506664839509589	-0.002190543110807029	4.915173695765305	0.0006830000000000000	44.69100000000000	3803997193.278416
2.392806412748528	0.5327987800471192	0.2522508759315897	2.058106568703624	2.469794875282264	0.2074419995147659	-0.007801246984975918	-0.007793937811954707	-0.002471032621519735	-0.002267289426452833	4.911887290082975	-0.1227380000000000	44.73100000000000	3803997196.279083
2.394664770446756	0.5670851840076162	0.2514048393357537	2.057578481161804	2.472938734215600	0.2066873275473946	-0.007882561534114265	-0.007793024165339849	-0.002434486756922816	-0.002288303298595622	4.903388500921633	-0.1227840000000000	45.15400000000000	3803997199.283401
2.393294300167278	0.5995753589283843	0.2506446855037195	2.058771703358188	2.472809910173029	0.2044424981984715	-0.007833224616670431	-0.007782060405903750	-0.002464637095207322	-0.002240793674651697	4.907624190662084	-0.1228300000000000	45.15400000000000	3803997202.278547
2.393823301694945	0.6317274843222919	0.2492394972908678	2.056991006212807	2.473393730696759	0.2060815799363248	-0.007844188376114645	-0.007782974052522925	-0.002403422772033666	-0.002230743561885719	4.907531911889214	-0.1228770000000000	45.15500000000000	3803997205.283801
2.394579801289914	0.6624725941306752	0.2484565022947836	2.058112964218004	2.472128329742425	0.2062259360788965	-0.007915452812445798	-0.007851497548967591	-0.002433573110303922	-0.002251757434008370	4.911299812127518	-0.1229290000000000	45.15400000000000	3803997208.282472
2.399188236031089	0.6932670405173456	0.2472797256887329	2.060733302496215	2.471534459098768	0.2066526089755574	-0.007839620143015247	-0.007740946308050656	-0.002454586982458819	-0.002221607095705061	4.903838017599012	-0.2481330000000000	45.68400000000000	3803997211.278926
2.399010074894450	0.7200661116739391	0.2469791360131793	2.057751160234830	2.475104991224695	0.2052885348241582	-0.007846015669328162	-0.007792110518715264	-0.002439968636599139	-0.002265462133205084	4.896606463565750	-0.2481970000000000	45.69200000000000	3803997214.279591
2.393276940877501	0.7435778835280439	0.2455620703897425	2.058477509091310	2.470984443558734	0.2061025938118634	-0.007856065782204776	-0.007792110518720672	-0.002436314050137784	-0.002207902396504855	4.893668159457393	-0.2482540000000000	45.69000000000000	3803997217.278387
2.394521327890944	0.7678141766804184	0.2448823174445765	2.058925195969270	2.473111413659660	0.2060130564404187	-0.007916366459025497	-0.007869770481354158	-0.002450018749375069	-0.002217038862662958	4.890485910286160	-0.2483140000000000	45.69000000000000	3803997220.284095
2.390337738959149	0.7890372644940854	0.2432468903221505	2.057414024627035	2.474663699785729	0.2059874743629297	-0.007780233112759631	-0.007799419691668433	-0.002437227696761255	-0.002199679576964860	4.896005280788136	-0.2483690000000000	45.69000000000000	3803997223.279344
2.386568945713555	0.8091393083109828	0.2420673727717371	2.058882254621887	2.473136995745268	0.2060852345412833	-0.007830483676816937	-0.007802160631523262	-0.002511233072565391	-0.002234398148313772	4.892711565998592	-0.3728230000000000	46.23600000000000	3803997226.283393
2.385883710578892	0.8286858551511493	0.2410596207489319	2.059160916874846	2.472636317354952	0.2058020041263960	-0.007803074278237513	-0.007784801345770472	-0.002430832170456900	-0.002187802170975590	4.890878780483316	-0.3728830000000000	46.26700000000000	3803997229.284287
2.385714685912532	0.8468674144986322	0.2407645129508550	2.056648388662218	2.471782057595763	0.2065530214979146	-0.007835965556496108	-0.007772010293094936	-0.002396113599066350	-0.002123846907980149	4.877396935325199	-0.3729390000000000	46.26000000000000	3803997232.281095
2.385593170882307	0.8627228305750131	0.2396708781581727	2.059558353075456	2.473419312531350	0.2062688774515772	-0.007766528413456559	-0.007750996420857044	-0.002442709576463630	-0.002196024990552373	4.872622191376578	-0.3729910000000000	46.26300000000000	3803997235.280574
2.386441035154276	0.8759780095464399	0.2397640700980833	2.058708662178457	2.473471390450650	0.2065941355983365	-0.007833224616692332	-0.007826829090248134	-0.002429004877238179	-0.002243534614460854	4.869034281086853	-0.3730460000000000	46.26200000000000	3803997238.283942
2.386147754517191	0.8864292083308714	0.2396014410323656	2.058436394924324	2.472248017588758	0.2059801651959046	-0.007852411195678338	-0.007770182999861970	-0.002470118974896821	-0.002198765930347575	4.867835570055894	-0.4986590000000000	46.80800000000000	3803997241.284260
2.383751258846959	0.8937429460839579	0.2384383691158914	2.058897787102434	2.471428475748641	0.2068006196656715	-0.007789369578964958	-0.007753737360706213	-0.002428091230602080	-0.002193284050695434	4.865475607682748	-0.4987270000000000	46.87700000000000	3803997244.285996
2.378148776424174	0.8975747782027186	0.2374516309605650	2.061411228224917	2.469729092710424	0.2065795172608686	-0.007762873827043304	-0.007784801345765608	-0.002396113599136197	-0.002217038862652220	4.861817346285818	-0.4987790000000000	46.87800000000000	3803997247.279945
2.380141440178115	0.9021174270541948	0.2379806322484810	2.058091036317498	2.472538557511970	0.2061656354423523	-0.007831397323454253	-0.007782974052531576	-0.002430832170463881	-0.002231657208462704	4.863140313963036	-0.4988350000000000	46.88100000000000	3803997250.283951
2.382960040680419	0.9048062877870165	0.2387078948118664	2.059488002266098	2.472937820825410	0.2060514296152164	-0.007770182999913275	-0.007772010293093040	-0.002489305553815784	-0.002190543110828520	4.863057171659841	-0.4988900000000000	46.88000000000000	3803997253.284504
2.384099358292715	0.9049935852556176	0.2382382805454681	2.060873090504582	2.469117863030709	0.2060706161866500	-0.007869770481451679	-0.007782974052529134	-0.002410731944962017	-0.002266375779855677	4.866187342344536	-0.6233200000000000	47.38800000000000	3803997256.285193
2.383837141648864	0.9026720102907302	0.2378527217438934	2.058897786538263	2.471774747964406	0.2062953732090410	-0.007851497549031068	-0.007797592398439793	-0.002450932395989391	-0.002250843787383562	4.858919243189669	-0.6233750000000000	47.53800000000000	3803997259.280674
2.384457507855377	0.8993536473329764	0.2382437624248676	2.059203858087208	2.471244833185012	0.2054977598630635	-0.007778405819512104	-0.007797592398427904	-0.002397027245692490	-0.002264548486623524	4.851482118614588	-0.6234229999999999	47.54000000000000	3803997262.281882
2.384314978947919	0.8945707095317431	0.2384904469607864	2.058335893912863	2.473078522262678	0.2070573543336819	-0.007780233112776369	-0.007773837586329780	-0.002391545366042790	-0.002229829915254195	4.845540641907382	-0.6234740000000000	47.54300000000000	3803997265.284209
2.385020314311376	0.8888613344904345	0.2386978447041656	2.059711845584717	2.472041533235692	0.2062378134620662	-0.007833224616709355	-0.007782974052535886	-0.002439054989970026	-0.002196938637135566	4.841306780221288	-0.6235250000000000	47.54200000000000	3803997268.284499
2.387303517776810	0.8826750361321865	0.2395868226895991	2.058449186312614	2.471146158859890	0.2062396407639274	-0.007799419691750260	-0.007780233112673758	-0.002458241568896262	-0.002230743561865290	4.839364356877810	-0.7488200000000000	48.00000000000000	3803997271.284694
2.383508228786407	0.8727519248410925	0.2393474473207071	2.059677127095014	2.471974837053641	0.2060404658435797	-0.007819519917416529	-0.007757391947187793	-0.002471032621520278	-0.002256325667059353	4.838489992186236	-0.7488800000000000	48.25400000000000	3803997274.284332
2.381824377656615	0.8618073570889279	0.2397567609279755	2.058992805869980	2.470558684016439	0.2064433839446756	-0.007782060406008800	-0.007786628639005049	-0.002444536869687729	-0.002222520742358341	4.843154183785924	-0.7489280000000000	48.25200000000000	3803997277.280531
2.380827588953993	0.8480176950608356	0.2394634804198854	2.058290211655573	2.472258980827089	0.2063839969013046	-0.007747341834486999	-0.007782060405904012	-0.002423522997543047	-0.002256325667062850	4.847842130389155	-0.7489810000000000	48.25900000000000	3803997280.285157
2.383014859491356	0.8321622789414106	0.2399193899906882	2.059047624653406	2.470831864578439	0.2058878868844971	-0.007828656383575626	-0.007761960180288278	-0.002465550741871362	-0.002233484501722814	4.848100693714693	-0.7490289999999999	48.25200000000000	3803997283.284937
2.386114863230875	0.8132644209182091	0.2417064824289657	2.059061329252859	2.472900361344522	0.2061373123700554	-0.007810383451200676	-0.007807642511241310	-0.002447277809554097	-0.002266375779812966	4.848777709706870	-0.8733760000000000	48.67600000000000	3803997286.285539
2.391958548471994	0.7925758162544891	0.2430449744587838	2.060241760733951	2.470536756646273	0.2072802840712198	-0.007836879203123384	-0.007806728864637528	-0.002462809801995861	-0.002214297922821563	4.849777244598513	-0.8734250000000000	49.02400000000000	3803997289.280590
2.392912395783207	0.7676954026711498	0.2441358683048779	2.056249125208292	2.472683826900172	0.2058321544794189	-0.007856065782150742	-0.007783887699144001	-0.002489305553822237	-0.002197852283751764	4.852084215026210	-0.8734750000000000	49.02600000000000	3803997292.286496
2.398170433432634	0.7418108917403804	0.2458617464210177	2.074364908837430	2.484247856089119	0.2010446470264657	-0.007805815218081547	-0.007788455932238811	-0.002474687207976531	-0.002252671080610900	4.859772593879025	-0.8735140000000000	49.02700000000000	3803997295.285415
2.400475564455810	0.7127761284406982	0.2471408514289482	2.061654258138660	2.467771147293530	0.2075909238868260	-0.007862461308492013	-0.007825001797010577	-0.002369617847288607	-0.002227088975434033	4.862478830100824	-0.8735640000000000	49.02800000000000	3803997298.280196
2.400643675480709	0.6810387993251812	0.2485030982652365	2.056035332006012	2.476474548090978	0.2050500730988020	-0.007828656383552663	-0.007782974052524007	-0.002415300178025894	-0.002255412020457904	4.865564231916624	-0.9992610000000000	49.40400000000000	3803997301.281925
2.399564658537122	0.6466573776597870	0.2491125004375654	2.061352754808542	2.473227446738846	0.2058504273919735	-0.007843274729484947	-0.007773837586331405	-0.002435400403545220	-0.002227088975402340	4.868386501938151	-0.9993180000000000	49.86600000000000	3803997304.284838
2.396214315512592	0.6102403517131216	0.2494788726568862	2.058455581710053	2.470228857767975	0.2064333338005564	-0.007847842962571374	-0.007838706496300446	-0.002445450516279228	-0.002268203073044313	4.868314323486892	-0.9993670000000000	49.86700000000000	3803997307.281413
2.401797611462356	0.5753628192281653	0.2509041610908830	2.057630558712122	2.472899447438330	0.2063776013726528	-0.007839620143013086	-0.007803987924777290	-0.002463723448606957	-0.002258152960319451	4.872878927515382	-0.9994130000000000	49.87200000000000	3803997310.285087
2.397786701753446	0.5359956283949661	0.2521814388050008	2.062552372843429	2.470559597958985	0.2039701429705937	-0.007830483676840468	-0.007788455932243401	-0.002492960140283596	-0.002210643336397281	4.877928680632128	-0.9994570000000000	49.86800000000000	3803997313.281246
2.397409365600895	0.4954498331518036	0.2532202547961430	2.059096047934014	2.466670203157063	0.2071240505593802	-0.007859720368662863	-0.007820433563912797	-0.002477428147833767	-0.002204247810067945	4.883272629646678	-1.123564000000000	50.18700000000000	3803997316.284701
2.396646470476235	0.4532978468795490	0.2538497571827550	2.056302116469992	2.473472304020776	0.2055142054917204	-0.007812210744444969	-0.007805815217999717	-0.002475600854585755	-0.002201506870189229	4.887049666081177	-1.123605000000000	50.77900000000000	3803997319.286052
2.395470606972663	0.4098466546073549	0.2551855082662428	2.056986438014448	2.467579281879881	0.2064479521721480	-0.007862461308470422	-0.007803987924759196	-0.002464637095208136	-0.002210643336339276	4.884729904122072	-1.123649000000000	50.78100000000000	3803997322.285718
2.397391092662340	0.3659523428071459	0.2563248253648762	2.059239490401194	2.466302003406912	0.2068353382478123	-0.007809469804561492	-0.007798506045054118	-0.002431745817122007	-0.002267289426466266	4.870839656910780	-1.123695000000000	50.77600000000000	3803997325.286539
2.395650595412206	0.3207387244861202	0.2572037532282065	2.059678954204184	2.470218807350897	0.2060103155092093	-0.007877079654393479	-0.007810383451106138	-0.002438141343382311	-0.002201506870220922	4.864399325961578	-1.123737000000000	50.78100000000000	3803997328.281209
2.374864216079471	0.2725100717110370	0.2560653497791811	2.059228526407810	2.471475071742162	0.2057499262887305	-0.007827742736960509	-0.007778405819433247	-0.002435400403560530	-0.002232570855093153	4.856839771965346	-1.249492000000000	51.03500000000000	3803997331.287249
2.353531476396067	0.2241955346320058	0.2541165419421717	2.054892360115042	2.466735985197071	0.2074940773558883	-0.007835965556523090	-0.007841447436164464	-0.002485650967365976	-0.002208816043118383	4.861264587138136	-1.249541000000000	51.78300000000000	3803997334.284881
2.331815919230265	0.1762473681429010	0.2539694448688832	2.034683412102821	2.475385480504421	0.2101061926277008	-0.007847842962607831	-0.007821347210529277	-0.002481082734262340	-0.002229829915267365	4.866109681950225	-1.249584000000000	51.78400000000000	3803997337.280870
2.298244882145216	0.1278569950330025	0.2511855641902430	2.043653594137228	2.466178660171488	0.2091642231218329	-0.007823174503870807	-0.007802160631536495	-0.002450018749372380	-0.002228002622040850	4.867327579727553	-1.249626000000000	51.78500000000000	3803997340.286339
2.258012447929080	0.08042686261272332	0.2474432684028916	2.060460122253129	2.467965754182669	0.2064205427940764	-0.007834138263294755	-0.007830483676727272	-0.002439968636649404	-0.002222520742329058	4.872899941493971	-1.249667000000000	51.78700000000000	3803997343.286531
2.217304005407263	0.03455084117834165	0.2444912767688859	2.057983226469576	2.472462724470708	0.2053415262976886	-0.007835965556571768	-0.007799419691666270	-0.002429004877221253	-0.002248102847545938	4.871124716230886	-1.373832000000000	52.85900000000000	3803997346.286886
2.177984307382411	-0.009585598902788154	0.2407937496364084	2.054113933167770	2.475386394651600	0.2067138233003402	-0.007865202248333624	-0.007801246984909218	-0.002459155215519727	-0.002238052734792316	4.862994129642704	-1.373869000000000	52.87800000000000	3803997349.288181
2.142762315870816	-0.05123052630321259	0.2379797186020775	2.058125755252330	2.472004073873329	0.2055032417273382	-0.007815865330907393	-0.007783887699144535	-0.002444536869708156	-0.002302007997789907	4.858162739539962	-1.373903000000000	52.87300000000000	3803997352.282373
2.111871010371671	-0.09113130379727349	0.2358207720619061	2.057477979907417	2.475009972015290	0.2054228408373592	-0.007825915443713494	-0.007813124390958284	-0.002424436644152009	-0.002262721193370950	4.848250532659513	-1.373947000000000	52.87400000000000	3803997355.282504
2.079470361549172	-0.1293765549611684	0.2337815132013518	2.058010635789270	2.472883002217782	0.2061336577759121	-0.007802160631626421	-0.007843274729390124	-0.002434486756936258	-0.002242620967827178	4.849902414779379	-1.373986000000000	52.87600000000000	3803997358.282417
2.045333785213357	-0.1651695796868298	0.2308551036403469	2.057973175857387	2.473255769531333	0.2065411440897598	-0.007888043413835557	-0.007846929315872232	-0.002420782057722629	-0.002217038862660798	4.846167406961294	-1.499403000000000	54.06200000000000	3803997361.286291
2.005041059589419	-0.1974953161605689	0.2274992802429279	2.059420392618001	2.473666910829714	0.2064351611322667	-0.007994940068284403	-0.007963876083138831	-0.002458241568918824	-0.002246275554343853	4.852402165827085	-1.499447000000000	54.08900000000000	3803997364.282669
1.961148568049375	-0.2262422991534065	0.2232572197852268	2.056767162709837	2.476365824178527	0.2056284112839407	-0.007840533789604417	-0.007799419691669238	-0.002433573110281359	-0.002257239313700273	4.855676693390650	-1.499486000000000	54.09100000000000	3803997367.281549
1.928982730268992	-0.2531601620604493	0.2214280995911373	2.060860299455323	2.471222905776169	0.2063511056427847	-0.007839620143033330	-0.007795765105192253	-0.002474687208009583	-0.002264548486566297	4.858608601616705	-1.499523000000000	54.08800000000000	3803997370.286035
1.898794937793883	-0.2777811175344423	0.2176556533884857	2.057230381642870	2.472641799368609	0.2064735342551902	-0.007842361082841979	-0.007804901571381619	-0.002503923899689699	-0.002250843787438646	4.856636941237261	-1.499562000000000	54.08800000000000	3803997373.287077
1.869703521672724	-0.2991915185081817	0.2150252652483394	2.058320361974791	2.474435287877191	0.2057490126367280	-0.007833224616657456	-0.007827742736875689	-0.002459155215536391	-0.002247189200926778	4.853863094827507	-1.624422000000000	55.37900000000000	3803997376.286781
1.837097308390762	-0.3168925135462478	0.2120102319413882	2.060440022044760	2.472799859954086	0.2056759208921088	-0.007837792849814680	-0.007814951684231738	-0.002440882283253785	-0.002256325667096416	4.850160064569092	-1.624452000000000	55.43600000000000	3803997379.286968
1.806994486888467	-0.3319485010968528	0.2096968791109936	2.056722394045450	2.475097681986819	0.2062478635951447	-0.007836879203137156	-0.007818606270680916	-0.002434486756949684	-0.002222520742330136	4.851087421076441	-1.624485000000000	55.43800000000000	3803997382.284342
1.778919960909991	-0.3443055758491352	0.2068664023759377	2.067306075896720	2.463358232667674	0.2085995895428208	-0.007842361082841974	-0.007802160631553496	-0.002459155215508439	-0.002181406644714217	4.846779553523927	-1.624521000000000	55.43600000000000	3803997385.286830
1.752521976453623	-0.3537481170132361	0.2050957555351802	2.058176918813108	2.477937297447114	0.2055178600813185	-0.007841447436219274	-0.007805815218035355	-0.002464637095207598	-0.002269116719686314	4.843613750614359	-1.624560000000000	55.43500000000000	3803997388.282298
1.730131245277714	-0.3618695247807006	0.2018596197603279	2.059061329377835	2.474147488722596	0.2065438850460692	-0.007836879203176033	-0.007820433563931427	-0.002490219200441680	-0.002223434388921371	4.837001653784886	-1.749738000000000	56.78200000000000	3803997391.282024
1.712147944312022	-0.3688899880336853	0.1999409621888790	2.061530915826787	2.474941448656401	0.2057544945065864	-0.007818606270811632	-0.007795765105201974	-0.002456414275686397	-0.002238052734813525	4.834231462078429	-1.749785000000000	56.94700000000000	3803997394.282842
1.700053094123158	-0.3752316116447347	0.1991058893189387	2.052452923858150	2.484063299575902	0.2043036239519317	-0.007802160631644258	-0.007828656383493246	-0.002435400403550056	-0.002219779802467536	4.829252974496506	-1.749818000000000	56.94700000000000	3803997397.282672
1.691052764125035	-0.3799880577963776	0.1978039431083587	2.059932034542824	2.476865588917998	0.2058312407968403	-0.007956566910269672	-0.007836879203078012	-0.002461896155407596	-0.002223434388991209	4.827258473086442	-1.749853000000000	56.94400000000000	3803997400.286496
1.683368998522283	-0.3833521059748619	0.1970209480765576	2.055024838860070	2.480319174088246	0.2061811674170647	-0.007848756609252359	-0.007888043413753957	-0.002468291681624886	-0.002213384276202944	4.828723970231029	-1.749884000000000	56.94800000000000	3803997403.284849
1.677723577892044	-0.3849244924311345	0.1952503012264741	2.056304857791244	2.475578260303323	0.2070345132145498	-0.007898093526707230	-0.007910884579233170	-0.002435400403534206	-0.002245361907693282	4.830010391743244	-1.874815000000000	58.26700000000000	3803997406.282066
1.676920482775451	-0.3851273220614025	0.1967642134263293	2.059779455624793	2.475062049833132	0.2071167413630982	-0.007806728864752304	-0.007786628639027180	-0.002464637095213790	-0.002226175328800375	4.828926800882258	-1.874857000000000	58.64800000000000	3803997409.287499
1.681370854011939	-0.3835649857216205	0.1975161444690316	2.057623249670236	2.476262581897534	0.2064771888285521	-0.007845102022742981	-0.007811297097752315	-0.002444536869703309	-0.002228002622033065	4.826989859498884	-1.874897000000000	58.65100000000000	3803997412.286005
1.690247841711502	-0.3798829883941495	0.1968893829917564	2.058143114519563	2.476871984369030	0.2064835843845523	-0.007864288601769789	-0.007821347210553308	-0.002500269313216797	-0.002205161456688982	4.824209617753220	-1.874926000000000	58.65200000000000	3803997415.287367
1.702060375117486	-0.3742640595021069	0.1979519538342371	2.058071850200514	2.477332462583601	0.2063538465979807	-0.007899007173285118	-0.007855152135458366	-0.002463723448628479	-0.002194197697286385	4.826330203109960	-1.874955000000000	58.64700000000000	3803997418.287586
1.717526580315115	-0.3668918421231755	0.2002771840895638	2.057681723086704	2.478434320517321	0.2061564989795256	-0.007923675632029416	-0.007917280105596312	-0.002432659463706523	-0.002242620967879294	4.822533980774936	-2.000040000000000	59.91400000000000	3803997421.287281
1.740323883965029	-0.3586416100855478	0.2020752403307056	2.060369671165605	2.474205962834421	0.2060203656413916	-0.007812210744409858	-0.007792110518731459	-0.002460068862137006	-0.002202420516805710	4.826891185102040	-2.000080000000000	60.57200000000000	3803997424.285353
1.768922842324258	-0.3494073803704021	0.2056338932999586	2.059473383843653	2.477603815549687	0.2070875046745021	-0.007846015669378660	-0.007856065782084030	-0.002471032621525124	-0.002197852283741838	4.824067088076414	-2.000111000000000	60.57700000000000	3803997427.283019
1.797837009167885	-0.3379338021245091	0.2076512246867050	2.060906895329414	2.476364910335053	0.2056969348048225	-0.007803074278248860	-0.007787542285649323	-0.002425350290794027	-0.002221607095739733	4.819443097433425	-2.000142000000000	60.57600000000000	3803997430.287474
1.826964969775217	-0.3239668815945863	0.2115351357832236	2.059241317581744	2.476572308152003	0.2056092247617397	-0.007882561534154993	-0.007867029541515259	-0.002450018749398446	-0.002201506870197822	4.817236628955252	-2.000178000000000	60.57600000000000	3803997433.285530
1.855933956450825	-0.3071978062479535	0.2143217574761413	2.058427258579093	2.477047404618076	0.2058604774887959	-0.007844188376080058	-0.007879820594187027	-0.002439054989991512	-0.002253584727234081	4.816394242202303	-2.124969000000000	61.78500000000000	3803997436.282741
1.884485407260581	-0.2877554004512268	0.2160092624770342	2.058578010206770	2.479842250961514	0.2062935458906527	-0.007916366459080072	-0.007877993300958924	-0.002438141343351138	-0.002241707321239441	4.809492518383244	-2.124987000000000	62.77200000000000	3803997439.287757
1.912294977710593	-0.2654998764100385	0.2192682393804609	2.060385203114174	2.475622115402019	0.2059929562290316	-0.007804901571495049	-0.007801246984921369	-0.002426263937400836	-0.002228916268653302	4.809026556146273	-2.125014000000000	62.77700000000000	3803997442.287976
1.941039209054917	-0.2405664540528511	0.2213522669311194	2.059773973672319	2.478556749324250	0.2065119074006354	-0.007919107398866308	-0.007864288601642868	-0.002420782057719124	-0.002260893900188504	4.803196545743340	-2.125043000000000	62.77200000000000	3803997445.288592
1.979024061655205	-0.2146216253622993	0.2251219721878200	2.061188298408114	2.475735407710392	0.2056932801921730	-0.007824088150505112	-0.007816778977458770	-0.002394286305893840	-0.002264548486589942	4.798409011832807	-2.125072000000000	62.77500000000000	3803997448.288900
2.016598688041682	-0.1858033782761264	0.2275193804664986	2.061392041791213	2.478448025424512	0.2058376363970180	-0.007787542285793789	-0.007805815218033731	-0.002414386531398383	-0.002188715817589643	4.795132657533413	-2.250420000000000	63.92100000000000	3803997451.289105
2.053076026052363	-0.1545603135876747	0.2312388351491531	2.061034805828345	2.478436148080549	0.2062295906789029	-0.007787542285736816	-0.007787542285632858	-0.002473773561371609	-0.002258152960275385	4.792385307425000	-2.250455000000000	65.32700000000000	3803997454.288624
2.084273401588355	-0.1210148601632489	0.2339450559150219	2.062164986602888	2.475959251522749	0.2050582959013045	-0.007879820594301541	-0.007799419691690839	-0.002422609350943232	-0.002238966381395890	4.790212644204050	-2.250485000000000	65.32400000000000	3803997457.284047
2.113997979637195	-0.08587600803702131	0.2363187093724320	2.059119802639638	2.478913071561881	0.2054200999120017	-0.007805815218099626	-0.007808556157879127	-0.002400681832197916	-0.002200593223595021	4.784671348061206	-2.250514000000000	65.33000000000000	3803997460.283792
2.141000805191062	-0.04994045721303111	0.2375895915723070	2.060194251129320	2.477631224682391	0.2059143826515357	-0.007844188376125470	-0.007816778977442564	-0.002441795929854142	-0.002213384276180098	4.779439779759594	-2.250545000000000	65.32800000000000	3803997463.284037
2.174445753894606	-0.01305197417221034	0.2397786884432671	2.058192451399956	2.480569513506548	0.2055617151238137	-0.007858806722054766	-0.007836879203071537	-0.002454586982424148	-0.002197852283772728	4.770496959450877	-2.375325000000000	66.30400000000000	3803997466.287795
2.207584631980148	0.02626223934259692	0.2429362505326457	2.060680310995233	2.475882504901382	0.2057261715051453	-0.007799419691800190	-0.007813124390980144	-0.002461896155347678	-0.002217952509314913	4.766126051123574	-2.375340000000000	68.30200000000001	3803997469.282640
2.242252955736900	0.06721918802963452	0.2452788399961880	2.056682193642589	2.479474964604693	0.2056165338882914	-0.007803987924870730	-0.007800333338300837	-0.002438141343386599	-0.002192370404076545	4.764302402865585	-2.375365000000000	68.30800000000001	3803997472.284682
2.279220929505754	0.1103021907859801	0.2490951411496942	2.059674385942740	2.477300484851937	0.2069605078133279	-0.007863374955146250	-0.007861547661796944	-0.002486564613964731	-0.002264548486620840	4.762811323796097	-2.375391000000000	68.30600000000000	3803997475.288213
2.314365265693400	0.1558127507981326	0.2511672912586361	2.058358735193209	2.474424324310561	0.2058860595873482	-0.007826829090335084	-0.007868856834738498	-0.002471032621547966	-0.002238966381407187	4.761744179024849	-2.375417000000000	68.31000000000000	3803997478.287639
2.340666415712650	0.2023447659852564	0.2528008910831853	2.061019273948572	2.475242951753155	0.2065055119025515	-0.007962048789999883	-0.007896266233334668	-0.002468291681706843	-0.002239880027996533	4.763591582100906	-2.500687000000000	69.02600000000000	3803997481.285682
2.359984563865756	0.2493016251939538	0.2532951738014186	2.060378807607108	2.477676907397423	0.2053945177912630	-0.008097268489770295	-0.008009558414125898	-0.002477428147798840	-0.002222520742347067	4.766615768260177	-2.500715000000000	71.84900000000000	3803997484.282676
2.383659894174887	0.2971419789769592	0.2543211987433863	2.061212053218436	2.475292288970493	0.2058814913896354	-0.007945603150887853	-0.007918193752192011	-0.002466464388464469	-0.002257239313662125	4.771125551656135	-2.500741000000000	71.84900000000000	3803997487.283369
2.392561555392642	0.3422212919356866	0.2547451306871503	2.059905538690241	2.477181710572054	0.2052364569812522	-0.007965703376484992	-0.007856979428712383	-0.002478341794431440	-0.002269116719652745	4.764620353532783	-2.500767000000000	71.85100000000000	3803997490.289133
2.392363294026499	0.3852366765467466	0.2537364650247180	2.060181460055123	2.477829486339327	0.2063264371943503	-0.007888957060489516	-0.007926416571774347	-0.002447277809520506	-0.002225261682179858	4.761777984053794	-2.500794000000000	71.85500000000000	3803997493.284556
2.392967214596423	0.4282639374970444	0.2520041913966345	2.059716413857942	2.477978410819596	0.2064726206202087	-0.007930071158339932	-0.007890784353615815	-0.002401595478790753	-0.002248102847580861	4.764745523821619	-2.625606000000000	75.98900000000000	3803997496.284461
2.397882634671411	0.4713295706111004	0.2513893073471578	2.058571614777343	2.477867859609254	0.2060121428296734	-0.007890784353773782	-0.007875252361092730	-0.002416213824606630	-0.002284648712142320	4.768380942796975	-2.625623000000000	76.11600000000000	3803997499.284787
2.397056697912929	0.5123970583526203	0.2506629584341726	2.059091479554203	2.480801579919857	0.2061144712202823	-0.007857893075409076	-0.007862461308414224	-0.002478341794441116	-0.002264548486590477	4.771485530417880	-2.625643000000000	76.11799999999999	3803997502.289274
2.401440375539682	0.5538318311184021	0.2497465710625028	2.059514497962336	2.477858723240368	0.2062277633647210	-0.007968444316353011	-0.007920021045419025	-0.002459155215536123	-0.002301094351222317	4.773025946685132	-2.625669000000000	76.11700000000000	3803997505.283577
2.398079068746618	0.5915215671152492	0.2484875662729258	2.059784023620767	2.476979794721374	0.2066315951039974	-0.007890784353715459	-0.007888957060376100	-0.002466464388448894	-0.002302921644398076	4.768811272654351	-2.625689000000000	76.12200000000000	3803997508.288261
2.395808656308282	0.6278426604571895	0.2470613641937191	2.059694486375816	2.477350735394640	0.2069541123079724	-0.007887129767287117	-0.007814951684204478	-0.002467378035082303	-0.002280994125673179	4.765285491777683	-2.750887000000000	81.04000000000001	3803997511.287973
2.396128432708332	0.6633597446252312	0.2459476291871376	2.059629617393556	2.477415604391438	0.2046517232215080	-0.007833224616697939	-0.007848756609135180	-0.002460982508766389	-0.002263634840019398	4.763612596038606	-2.750914000000000	81.38000000000000	3803997514.284437
2.400998170460007	0.6993884702578725	0.2455428838178411	2.061036633142491	2.477406467943225	0.2062460363165124	-0.007874338714593997	-0.007818606270704950	-0.002478341794427948	-0.002263634840007309	4.763552295052553	-2.750937000000000	81.38000000000000	3803997517.284490
2.400134774179361	0.7319553899655447	0.2447132928527506	2.059625049235374	2.474946016781613	0.2057828175857767	-0.007879820594290973	-0.007844188376020649	-0.002473773561380739	-0.002266375779837133	4.760373701851114	-2.750960000000000	81.38400000000000	3803997520.289565
2.395481570734371	0.7612697288520250	0.2439577072508960	2.058944382546483	2.477466768595813	0.2067467145588019	-0.007853324842351305	-0.007847842962505737	-0.002474687207993999	-0.002201506870197272	4.751803651824333	-2.750981000000000	81.38800000000001	3803997523.285434
2.390838417433712	0.7883054338796600	0.2407635993026351	2.059942084657037	2.476654536404693	0.2059390511261872	-0.007876166007782957	-0.007816778977473612	-0.002452759689244124	-0.002306576230863987	4.738379372505636	-2.875873000000000	87.06999999999999	3803997526.288584
2.384482176321002	0.8120839900229562	0.2386046527664314	2.058594455908770	2.478242454860392	0.2065749490146102	-0.007915452812490058	-0.007939207624432060	-0.002422609350915555	-0.002296526118145559	4.730706528675461	-2.875881000000000	88.01400000000000	3803997529.289718
2.385439678213896	0.8360032475591849	0.2382848765154714	2.058673029238899	2.487585407895874	0.2037051854991214	-0.007835051909944688	-0.007848756609141661	-0.002431745817084936	-0.002253584727237577	4.730318226880523	-2.875903000000000	87.99800000000000	3803997532.286258
2.386117604174074	0.8583007829926478	0.2365133160650619	2.056419063887007	2.477732639749743	0.2061765991692382	-0.007918193752308695	-0.007898093526563841	-0.002455500629055141	-0.002240793674593926	4.731284869914261	-2.875925000000000	88.01300000000001	3803997535.287005
2.378791983797677	0.8755750915742811	0.2367810144730614	2.061094193021411	2.475681502708190	0.2029815775175523	-0.007916366459073050	-0.007940121271062325	-0.002457327922312025	-0.002212470629551800	4.732255167671017	-2.875945000000000	88.04200000000000	3803997538.289134
2.383743949674165	0.8965514944679599	0.2364000239077186	2.057555639559329	2.477465854712069	0.2092482785848392	-0.007839620143033620	-0.007869770481391440	-0.002527678711632508	-0.002206075103316503	4.726338361743830	-3.001183000000000	94.39400000000001	3803997541.288981
2.380270264392753	0.9124681247179230	0.2357714351548407	2.057673500361763	2.477686043828486	0.2060532568895055	-0.007843274729535138	-0.007848756609115737	-0.002467378035046562	-0.002223434388960579	4.718297316746085	-3.001207000000000	96.69199999999999	3803997544.285956
2.365135704622933	0.9210043210424129	0.2327134605090413	2.058162301242900	2.477831313665948	0.2054813142191513	-0.007871597774697590	-0.007844188376056835	-0.002460982508738706	-0.002255412020490134	4.715072127711532	-3.001232000000000	96.70200000000000	3803997547.284779
2.363419875884204	0.9325994047861953	0.2311474705030479	2.058007894727008	2.477582801695139	0.2067092550366638	-0.008015953940523093	-0.008043363339053646	-0.002496614726703837	-0.002261807546779716	4.715749143344918	-3.001253000000000	96.69700000000000	3803997550.283899
2.362794027810966	0.9425078976599108	0.2309875823770386	2.059453283205894	2.477082123602661	0.2061126439315545	-0.007866115895038661	-0.007889870707004722	-0.002469205328306401	-0.002240793674632913	4.710424383721806	-3.001273000000000	96.72400000000000	3803997553.284343
2.359188777459276	0.9486878004482261	0.2316207393626822	2.059946653020587	2.476107261794877	0.2056183612143013	-0.007890784353720573	-0.007893525293461469	-0.002422609350942697	-0.002249930140758746	4.707570137241938	-3.126074000000000	103.8000000000000	3803997556.285427
2.359214359569997	0.9540298896827640	0.2308925631441083	2.060821926359151	2.475718048213249	0.2048974941441233	-0.007829570030227728	-0.007876166007714073	-0.002437227696797255	-0.002270944012919014	4.702405266767737	-3.126080000000000	108.4700000000000	3803997559.286193
2.358132601738063	0.9567973239713776	0.2320528941303522	2.060888622010740	2.475076668546588	0.2062478635769127	-0.007831397323484725	-0.007859720368562906	-0.002460982508804015	-0.002276425892584844	4.699043030269116	-3.126098000000000	108.4700000000000	3803997562.287135
2.356812382088224	0.9573043976029167	0.2322337961255177	2.060350484497937	2.476515662283071	0.2059335692621842	-0.007860634015310583	-0.007826829090256233	-0.002495701080133586	-0.002272771306122443	4.694904190183032	-3.126119000000000	108.4800000000000	3803997565.289612
2.356841618786397	0.9561952311367833	0.2316856082580729	2.058614556421567	2.477702489554230	0.2064031834785657	-0.007827742736980217	-0.007841447436211459	-0.002450932396018420	-0.002259066606936456	4.689863576472228	-3.126138000000000	108.4800000000000	3803997568.289186
2.356507224051849	0.9531363437155930	0.2324539849205013	2.060084613342436	2.478087134868896	0.2064159745289165	-0.007800333338443445	-0.007801246984950526	-0.002416213824634843	-0.002266375779834983	4.687075113062962	-3.188836000000000	113.2100000000000	3803997571.289489
2.359443684922243	0.9497065159430192	0.2320647715357906	2.061357323086672	2.476229690759960	0.2057398761590645	-0.007843274729495186	-0.007828656383490817	-0.002422609350960156	-0.002237139088185770	4.688261032264890	-3.188857000000000	116.1500000000000	3803997574.290282
2.362981325408933	0.9447024757942172	0.2331072421268306	2.058464718241137	2.480601491172664	0.2058504274052232	-0.007859720368683605	-0.007839620142949599	-0.002386063486319713	-0.002236225441525767	4.689592222094564	-3.188875000000000	116.1600000000000	3803997577.285706
2.360975870637963	0.9353997303435632	0.2329811589163995	2.062725051595700	2.477767359053736	0.2058129678865230	-0.007828656383592345	-0.007844188376023077	-0.002526765065005277	-0.002275512245954127	4.686857664068161	-3.188894000000000	116.1700000000000	3803997580.286556
2.361385184413540	0.9258164955050098	0.2340592617211976	2.055742965170760	2.480500075502966	0.2070856774029870	-0.007812210744470588	-0.007835965556455056	-0.002535901531182450	-0.002290130591806020	4.686702343340162	-3.188912000000000	116.1700000000000	3803997583.287232
2.370125129944862	0.9175808887812783	0.2354635363030776	2.075851412164629	2.464067223397196	0.2068828478806798	-0.007834138263312545	-0.007862461308426393	-0.002504837546295706	-0.002242620967848385	4.686340537423356	-3.251282000000000	120.7000000000000	3803997586.289884
2.379967847278608	0.9079483170269409	0.2369591755263624	2.059710018340573	2.480141013353639	0.2057837311952897	-0.007827742736979105	-0.007797592398473789	-0.002444536869668101	-0.002276425892600429	4.690071889007426	-3.251302000000000	125.4800000000000	3803997589.284917
2.377088946094206	0.8910778401461060	0.2374580264835627	2.061411228252896	2.479204524869587	0.2057882994448085	-0.007940121271174706	-0.007934639391341021	-0.002452759689230150	-0.002211556982941243	4.695604047012034	-3.251321000000000	125.4900000000000	3803997592.289811
2.377163865134244	0.8736692256171054	0.2379797185979436	2.061467874278128	2.478372192663635	0.2059463602691782	-0.008191374091478791	-0.008138382587448851	-0.002509405779352580	-0.002259066606920878	4.697128017252703	-3.251337000000000	125.4900000000000	3803997595.286527
2.374568194477007	0.8533177566427048	0.2387956048699743	2.058034390729654	2.481780095736542	0.2061610671833193	-0.008012299354068811	-0.007947430444040579	-0.002435400403518873	-0.002220693449134534	4.698013345290890	-3.251356000000000	125.5100000000000	3803997598.286538
2.377173001603936	0.8328429453589307	0.2396215412548941	2.061223017116077	2.480443430384856	0.2049541402210761	-0.007823174503859715	-0.007857893075315092	-0.002490219200439798	-0.002260893900150356	4.703056700100454	-3.282641000000000	128.0000000000000	3803997601.286150
2.382482203382595	0.8118500965952529	0.2408284681961256	2.059545562063978	2.482294478783182	0.2067174778716728	-0.007834138263339860	-0.007867943188136876	-0.002463723448596762	-0.002205161456675291	4.710578790819076	-3.282663000000000	131.0500000000000	3803997604.290277
2.387899215522637	0.7891852751784880	0.2422692886305580	2.060944354855931	2.485543407634999	0.2054420274543770	-0.007897179880065389	-0.007854238488837824	-0.002437227696768511	-0.002249930140788303	4.717625783047746	-3.282681000000000	131.0500000000000	3803997607.285082
2.390945314113091	0.7641586781810160	0.2433245502692102	2.056941669359489	2.484817058357232	0.2058239316151385	-0.007842361082884081	-0.007871597774608720	-0.002416213824637799	-0.002207902396479606	4.722599700686250	-3.282692000000000	131.0600000000000	3803997610.291130
2.393493475184194	0.7375350274356105	0.2446931926319751	2.058390712768011	2.480928577028314	0.2066516953277976	-0.007877079654421566	-0.007894438940098763	-0.002481082734287076	-0.002271857659555376	4.729275750698659	-3.282709000000000	131.0700000000000	3803997613.289967
2.398044350164850	0.7100964040584182	0.2461669043318467	2.055352838157393	2.487393542605821	0.2057855584752289	-0.007825915443736156	-0.007864288601662028	-0.002479255441052228	-0.002268203073082714	4.736221328052628	-3.313636000000000	133.4200000000000	3803997616.292027
2.391853479087364	0.6777067315055464	0.2469243172270862	2.056067309529125	2.487730678640873	0.2057298260418998	-0.007846015669373542	-0.007840533789545009	-0.002485650967348509	-0.002293785178285098	4.737913410299542	-3.313649000000000	137.1900000000000	3803997619.290148
2.391446906235845	0.6460324436312950	0.2481860629535240	2.056189738138865	2.486720184697226	0.2057809902758206	-0.007809469804576082	-0.007846015669257654	-0.002482910027531314	-0.002257239313706993	4.736796014705308	-3.313665000000000	137.2100000000000	3803997622.291375
2.387543806899343	0.6125445675759253	0.2489087572811838	2.068428033606946	2.490346449871314	0.2042944875147273	-0.007802160631667464	-0.007840533789540414	-0.002499355666567247	-0.002286476005379575	4.743013412121688	-3.313679000000000	137.2000000000000	3803997625.285876
2.390842985668053	0.5805166978403777	0.2501997396906275	2.055268782063638	2.488995165608996	0.2058476864432461	-0.007851497549082627	-0.007807642511260214	-0.002549606230399575	-0.002278253185853017	4.748021135171522	-3.313693000000000	137.2400000000000	3803997628.290969
2.392660229253212	0.5475313263790457	0.2518899855918943	2.056037159127038	2.482373966216798	0.2061044211162332	-0.007879820594292585	-0.007845102022637671	-0.002479255441049522	-0.002270030366301191	4.751821924934183	-3.344959000000000	144.2800000000000	3803997631.291335
2.387513656551600	0.5128401768170427	0.2524537054382477	2.057660708845353	2.485366160545666	0.2055059826646692	-0.007912711872566081	-0.007887129767137478	-0.002454586982453988	-0.002200593223584822	4.754625920978241	-3.344966000000000	144.2800000000000	3803997634.290371
2.390246374273564	0.4801937671406057	0.2532430959564109	2.057805978175653	2.484370285341885	0.2059929562240163	-0.007822260857242672	-0.007899007173186269	-0.002492046493672756	-0.002210643336369088	4.759058957505907	-3.344978000000000	144.3000000000000	3803997637.285167
2.384167881808318	0.4454395748642405	0.2537711835937097	2.057299818786842	2.483885138409014	0.2064479521737527	-0.007833224616730923	-0.007838706496327431	-0.002466464388419600	-0.002205161456651374	4.762876193047200	-3.344993000000000	144.3200000000000	3803997640.290709
2.383565788537391	0.4115259366025996	0.2543440399022084	2.058757998324693	2.481023596270658	0.2056375477554547	-0.007854238488940957	-0.007901748113049478	-0.002506664839542107	-0.002292871531686624	4.763946992479186	-3.345007000000000	144.3300000000000	3803997643.288788
2.386780911780966	0.3781997723172120	0.2555838581084918	2.055703678176612	2.483524248083405	0.2058184497689289	-0.007860634015281734	-0.007850583902377316	-0.002414386531392201	-0.002246275554296857	4.762460481608255	-3.376430000000000	152.4100000000000	3803997646.287321
2.387802368954867	0.3444304888978951	0.2565788190714231	2.056231766041849	2.480636209521412	0.2057937813016957	-0.007864288601750908	-0.007882561534048600	-0.002413472884783254	-0.002285562358792114	4.764015516343786	-3.376445000000000	152.4600000000000	3803997649.286057
2.383739381443225	0.3099576970645324	0.2565203457020095	2.059427701413673	2.478632581950727	0.2065840854994683	-0.007885302473968811	-0.007850583902383258	-0.002506664839543179	-0.002252671080623238	4.766938287201453	-3.376462000000000	152.4800000000000	3803997652.292518
2.366736413873771	0.2737827812022045	0.2560498177879536	2.057454224757236	2.482118145162256	0.2064653114567690	-0.007926416571872954	-0.007914539165713688	-0.002406163711859457	-0.002239880028043277	4.772892553524835	-3.376469000000000	152.4800000000000	3803997655.287278
2.348256079709474	0.2383250769329845	0.2542371432736532	2.058103827620996	2.478545785882617	0.2063310054299073	-0.007849670255866154	-0.007887129767150175	-0.002485650967344748	-0.002261807546778390	4.775664572072625	-3.376488000000000	152.5000000000000	3803997658.290950
2.339227421992372	0.2050774825885895	0.2540982690140188	2.056449213641310	2.479887019323957	0.2053954314605994	-0.007834138263308241	-0.007878906947570808	-0.002436314050152295	-0.002272771306124840	4.778695153891058	-3.388952000000000	156.0400000000000	3803997661.287093
2.326933390766693	0.1731263518027305	0.2538031612191415	2.055521862604960	2.481112219991980	0.2065658125402681	-0.007782974052654660	-0.007814038037605548	-0.002536815177804581	-0.002276425892585137	4.784569932728356	-3.388959000000000	156.0600000000000	3803997664.290948
2.305349399335707	0.1426745141722496	0.2523522906877619	2.061049424102160	2.477493264389527	0.2059372238234382	-0.007894438940150064	-0.007837792849689093	-0.002476514501198481	-0.002287389651954150	4.789452486185591	-3.388973000000000	156.0700000000000	3803997667.285922
2.280108080452683	0.1138937353210639	0.2490046901577271	2.057353723666192	2.479362585906527	0.2069796944113043	-0.007835965556579576	-0.007827742736874872	-0.002435400403555153	-0.002276425892571161	4.795562987375648	-3.388990000000000	156.0900000000000	3803997670.291506
2.258537794756679	0.08770040282462620	0.2485579170500107	2.058250924857842	2.480881066807037	0.2049459173993224	-0.007849670255818344	-0.007849670255743558	-0.002460982508763984	-0.002227088975400722	4.800340471121192	-3.388998000000000	156.0900000000000	3803997673.290825
2.237015932779688	0.06284190739582635	0.2465561177137596	2.057384787752977	2.482428784635912	0.2051670198635355	-0.007876166007816675	-0.007885302473901557	-0.002480169087679986	-0.002213384276179026	4.804725084748862	-3.401476000000000	159.6600000000000	3803997676.290920
2.217438311424514	0.03916841106384491	0.2455776023790817	2.058491213824886	2.477855982293720	0.2072702339611013	-0.007881647887543123	-0.007882561534037519	-0.002453673335839907	-0.002245361907706157	4.805454178637764	-3.401489000000000	159.9000000000000	3803997679.291749
2.196086388595849	0.01665524543286771	0.2437238137608527	2.056097459807162	2.478619791373184	0.2066608318118748	-0.007853324842308310	-0.007878906947550009	-0.002462809801968722	-0.002240793674632089	4.811198305811899	-3.401511000000000	159.9200000000000	3803997682.288043
2.176908031576216	-0.003926471694244103	0.2422564975817792	2.055829761395667	2.477427481922159	0.2074301220865926	-0.007915452812429865	-0.007868856834754419	-0.002449105102732785	-0.002271857659504601	4.814342180818610	-3.401524000000000	159.9200000000000	3803997685.292546
2.165021488717135	-0.02250913037036520	0.2413090462269403	2.058384317191016	2.479628457354838	0.2050409365980059	-0.007848756609234323	-0.007893525293472269	-0.002458241568897335	-0.002214297922779125	4.821250300280127	-3.401539000000000	159.9400000000000	3803997688.288045
2.143998479734580	-0.03953584912152860	0.2391473587522112	2.057203885709267	2.483713372899774	0.2067914832351831	-0.007834138263298793	-0.007814038037611475	-0.002459155215521875	-0.002309317170745126	4.827135130104745	-3.414010000000000	163.4900000000000	3803997691.292618
2.132354053567148	-0.05540497782720154	0.2381076291048359	2.058116618822007	2.481782836855389	0.2057316533598469	-0.007823174503857810	-0.007871597774606829	-0.002446364162896778	-0.002247189200916034	4.834230548394967	-3.414025000000000	164.0000000000000	3803997694.291799
2.122856697068247	-0.07010920725793565	0.2377549615759638	2.058923368506175	2.481228252916436	0.2060569114881044	-0.007808556157979018	-0.007885302473900208	-0.002491132847042032	-0.002231657208468611	4.840687324359728	-3.414043000000000	164.0000000000000	3803997697.286613
2.111318254137750	-0.08357635928746476	0.2371665732698479	2.059108838935859	2.486478068339352	0.2059363101643300	-0.007917280105713610	-0.007868856834757937	-0.002479255441035294	-0.002258152960311111	4.845900620607431	-3.414057000000000	164.0100000000000	3803997700.292523
2.101598881693259	-0.09663328412368723	0.2364000239064015	2.060581637254791	2.488449718498017	0.2059171235785248	-0.007980321722362384	-0.007958394203458589	-0.002471032621503351	-0.002280080479046751	4.851907880262754	-3.414072000000000	164.0300000000000	3803997703.287685
2.086340983757554	-0.1089391915352330	0.2345434943322987	2.050298545213787	2.489190686760348	0.2061126439255374	-0.008133814354519977	-0.008100923076095973	-0.002504837546266946	-0.002256325667076007	4.857193355153071	-3.426864000000000	167.6200000000000	3803997706.287874
2.079426506483140	-0.1210596288098797	0.2343488876387564	2.060309370295287	2.489196167321969	0.2065228711910629	-0.008106404955867254	-0.008121936948300100	-0.002459155215511123	-0.002209729689735950	4.861950739452136	-3.426876000000000	168.4400000000000	3803997709.288083
2.072502892788378	-0.1307616433431468	0.2340875847576254	2.065249457556722	2.477910801091223	0.2059216918110946	-0.008005903827766149	-0.008000421947928974	-0.002460982508765588	-0.002239880028024747	4.868529945354393	-3.426889000000000	168.4500000000000	3803997712.287471
2.062880367192952	-0.1382032959519140	0.2328961897937889	2.067066700147230	2.481856842981456	0.2054520775242863	-0.007887129767264892	-0.007945603150778737	-0.002445450516317913	-0.002244448261067656	4.873111908656586	-3.426902000000000	168.4700000000000	3803997715.286819
2.058201583174134	-0.1430648102278709	0.2330122228943466	2.049666301941789	2.488166487840111	0.2060121428045647	-0.008063463564757437	-0.008102750369300306	-0.002435400403575315	-0.002237139088197327	4.875755103134360	-3.426917000000000	168.4800000000000	3803997718.287210
2.057900993457226	-0.1453662863610867	0.2329720224522482	2.061287885771079	2.476001278311850	0.2060441204380712	-0.008100009429595642	-0.008147519053669278	-0.002485650967361144	-0.002226175328803847	4.879256216575351	-3.439247000000000	171.4900000000000	3803997721.286961
2.058628256115402	-0.1450985878664852	0.2332141387579243	2.064292869649862	2.485367987648013	0.2060477750267558	-0.007941948564400616	-0.007968444316250130	-0.002453673335828100	-0.002196024990520974	4.882486889132527	-3.439259000000000	173.0300000000000	3803997724.287829
2.061758409217862	-0.1427176244675725	0.2330569915704266	2.063543679022892	2.481811160855412	0.2058623047895458	-0.007819519917442369	-0.007909057286009132	-0.002468291681684275	-0.002291957885056187	4.885934097215028	-3.439273000000000	173.0500000000000	3803997727.288104
2.064693041965764	-0.1385806320520701	0.2331501835084104	2.065719984530900	2.497266411324745	0.2059984381369054	-0.007833224616698484	-0.007877993300945419	-0.002423522997570734	-0.002228916268626426	4.890436573160994	-3.439287000000000	173.0700000000000	3803997730.293929
2.071488745099903	-0.1328411032924726	0.2340766210036932	2.004478257161355	2.551556228288481	0.2141070504673221	-0.007887129767198237	-0.007918193752195792	-0.002471032621520028	-0.002301094351210784	4.893777797669573	-3.439300000000000	173.0600000000000	3803997733.289579
2.078840859030469	-0.1253629048540817	0.2341433171923423	2.064896789980854	2.495530482104136	0.2062816685219338	-0.008022349466863017	-0.008025090406674909	-0.002482910027508205	-0.002312971757202457	4.897201250857756	-3.451960000000000	175.5500000000000	3803997736.291651
2.084901076752721	-0.1152789860472523	0.2342602639336768	2.058697698193133	2.485243731484060	0.2058385499819120	-0.007843274729548103	-0.007902661759696729	-0.002480169087661974	-0.002257239313662124	4.897298098007033	-3.451986000000000	178.1000000000000	3803997739.293549
2.096643262606583	-0.1034116289780995	0.2353986674060990	2.063052137533670	2.483107625079175	0.2056000882951270	-0.007823174503913179	-0.007883475180651845	-0.002489305553829212	-0.002220693449138794	4.895335573929390	-3.452000000000000	178.1200000000000	3803997742.288226
2.111908469840901	-0.08967769186070434	0.2368212149141599	2.061428587512188	2.487519626103970	0.2052355433444930	-0.007903575406365906	-0.007899007173191681	-0.002480169087666823	-0.002228002622053211	4.898166980856715	-3.452012000000000	178.1300000000000	3803997745.291688
2.120188848978116	-0.07331062520522952	0.2370779495630703	2.059456024901728	2.486374826375611	0.2058559092348726	-0.007941034917741447	-0.007934639391337246	-0.002475600854601081	-0.002242620967881183	4.901659871689317	-3.452024000000000	178.1500000000000	3803997748.293689
2.130489300835952	-0.05474258400536392	0.2379020586528143	2.062543236257271	2.483506888920777	0.2063465373798522	-0.007866115894988727	-0.007899007173208678	-0.002468291681702810	-0.002217952509269231	4.906073723621202	-3.464393000000000	180.1700000000000	3803997751.292917
2.151800108278433	-0.03442765074820745	0.2394351573786598	2.061544620588667	2.487685909454844	0.2055617151322190	-0.007867943188275715	-0.007933725744733715	-0.002415300178023721	-0.002256325667069005	4.911527311347379	-3.464404000000000	183.4300000000000	3803997754.289613
2.169094525452285	-0.01066370186953081	0.2408083679803025	2.059492570562869	2.486929410181104	0.2044973169919527	-0.007888043413849547	-0.007954739616960273	-0.002456414275706040	-0.002282821418905862	4.914186951812620	-3.464416000000000	183.4500000000000	3803997757.289618
2.190126671413027	0.01581377690358946	0.2420984367510872	2.063245830551763	2.484862740946484	0.2065393167933993	-0.007888957060440637	-0.007924589278527357	-0.002473773561368112	-0.002286476005347883	4.915033907060215	-3.464426000000000	183.4600000000000	3803997760.288838
2.216859973076148	0.04466125428692590	0.2436589448664190	2.062266401700711	2.487546121960450	0.2049075442415487	-0.007916366459058707	-0.007922761985285470	-0.002477428147822756	-0.002251757433999226	4.910315809008237	-3.464441000000000	183.4900000000000	3803997763.287190
2.243701085761478	0.07544566165221697	0.2463377562119031	2.060356880174800	2.487218122570437	0.2060788389905807	-0.007942862210993855	-0.007913625519097179	-0.002439968636607471	-0.002228002622058320	4.908004269867777	-3.477197000000000	189.3200000000000	3803997766.287955
2.274711169180239	0.1078636682297823	0.2486465407531993	2.060597169412837	2.487154167158985	0.2066069266494868	-0.007940121271120397	-0.007944689504152534	-0.002440882283254314	-0.002238052734808442	4.906193411931786	-3.477209000000000	189.3500000000000	3803997769.292969
2.302509785190186	0.1416530573718114	0.2514002711020409	2.061291540775527	2.484745794163755	0.2055991745936931	-0.007939207624529303	-0.007969357962869846	-0.002458241568920435	-0.002171356531933450	4.905591315411072	-3.477219000000000	189.3500000000000	3803997772.292871
2.325868078615742	0.1758928733447829	0.2525450700784031	2.063646007696764	2.488470731935862	0.2061336577773209	-0.007912711872560124	-0.008001335594561940	-0.002425350290784346	-0.002232570855121903	4.902488553888805	-3.477238000000000	189.3800000000000	3803997775.293617
2.340717579928157	0.2103473953645469	0.2540361410570240	2.062343147765720	2.486114437157074	0.2056393750440929	-0.007962962436676352	-0.008013213000599652	-0.002475600854591948	-0.002271857659538979	4.896434697044699	-3.477248000000000	189.3900000000000	3803997778.291658
2.354371117814629	0.2455812569395082	0.2545943790251594	2.063287858308745	2.488247802434517	0.2058284998670193	-0.007959307850170419	-0.007941948564293101	-0.002450018749381776	-0.002249930140787514	4.897563056988762	-3.489720000000000	195.5700000000000	3803997781.292579
2.372592890041080	0.2825144999945723	0.2559557122068634	2.063990452522737	2.487037220497335	0.2059061598317045	-0.007888043413901395	-0.007968444316241479	-0.002453673335835072	-0.002258152960301975	4.899219507687509	-3.489729000000000	195.5800000000000	3803997784.292204
2.387181089103012	0.3199931890528188	0.2567661165870797	2.065816832086526	2.486005712963055	0.2067878286420340	-0.007933725744806901	-0.007949257737270303	-0.002474687207999910	-0.002274598599427656	4.900814743730967	-3.489736000000000	195.6100000000000	3803997787.288341
2.388828394364881	0.3563490058460462	0.2562827976295978	2.066609877218433	2.488014822142748	0.2062368998283589	-0.007917280105656828	-0.007969357962883075	-0.002476514501215409	-0.002263634840006770	4.901068738963001	-3.489745000000000	195.6200000000000	3803997790.287842
2.384653941928178	0.3919967459293358	0.2542526752580550	2.060122073136686	2.487705096116477	0.2077654303681369	-0.007967530669748986	-0.007985803602013997	-0.002494787433498007	-0.002277339539217458	4.900033571428612	-3.489752000000000	195.6400000000000	3803997793.293410
2.384746220258502	0.4288450165772477	0.2539877177977953	2.065731863095118	2.488377540353728	0.2052117885128243	-0.007947430444118357	-0.008019608526944159	-0.002471032621536678	-0.002243534614494169	4.900465728777386	-3.502101000000000	202.2400000000000	3803997796.292994
2.389627835356878	0.4659701213374213	0.2536542368501007	2.067170856224513	2.488568492614293	0.2065146483605589	-0.007955653263701273	-0.007983062662164545	-0.002482910027552817	-0.002209729689741037	4.900787334181197	-3.502110000000000	202.3000000000000	3803997799.293057
2.389072338072990	0.5012642782204342	0.2527232311359348	2.067449518462442	2.488787767877785	0.2060760980440246	-0.008028744993240531	-0.008096354842971179	-0.002458241568913729	-0.002276425892583781	4.902389879447083	-3.502116000000000	202.3200000000000	3803997802.292810
2.393590321748543	0.5381746747920138	0.2519557681320181	2.067578342600457	2.487601854293096	0.2057225168878738	-0.008138382587610665	-0.008129246121281103	-0.002471032621541255	-0.002219779802506210	4.898118557320043	-3.502127000000000	202.3400000000000	3803997805.289111
2.393528193761620	0.5737493199157521	0.2504263240066070	2.069286861466199	2.487163303686440	0.2054612140190060	-0.008011385707479040	-0.008043363339054982	-0.002473773561375103	-0.002194197697312975	4.890872385068175	-3.502131000000000	202.3700000000000	3803997808.293160
2.392090113616747	0.6085638108306303	0.2494194856392907	2.065116978907050	2.485994749166291	0.2066608317136616	-0.008013213000717190	-0.007998594654707073	-0.002478341794459933	-0.002280994125679349	4.886169819374847	-3.514628000000000	209.0300000000000	3803997811.289765
2.391805055799813	0.6431489760752713	0.2477228442084729	2.065415742379096	2.481718880580906	0.2072885066537720	-0.008030572286521539	-0.008097268489584137	-0.002470118974917244	-0.002246275554311366	4.886167992032733	-3.514636000000000	209.7100000000000	3803997814.289364
2.394940691801084	0.6777368818291692	0.2474624549751579	2.068596144778175	2.485801056340969	0.2057727674485135	-0.007943775857633791	-0.008078081910597588	-0.002485650967377543	-0.002300180704548627	4.887064284408490	-3.514647000000000	209.7100000000000	3803997817.290030
2.398342199041571	0.7121283532650206	0.2459476291897008	2.065816832029570	2.486600497247768	0.2076841158320195	-0.007893525293623171	-0.008040622399210964	-0.002440882283242763	-0.002285562358738395	4.886786534329077	-3.514657000000000	209.7500000000000	3803997820.289041
2.392949855304143	0.7425692180989967	0.2453784274592041	2.069173569323320	2.484426931361779	0.2044744758205363	-0.008024176760146749	-0.008050672511991401	-0.002428091230623035	-0.002264548486605256	4.887141031159222	-3.514664000000000	209.7600000000000	3803997823.290007
2.389945784461376	0.7721850601553721	0.2433218093269434	2.064865725968682	2.486112609612693	0.2071313597119621	-0.008088132023540156	-0.008089045670021805	-0.002426263937402172	-0.002286476005361322	4.889847267730830	-3.527240000000000	216.5800000000000	3803997826.289152
2.382862280469291	0.7989932672053226	0.2417494238079590	2.067571947095419	2.484144614186531	0.2056183611919747	-0.008006817474375353	-0.008004990181046735	-0.002459155215542311	-0.002286476005348410	4.895125434085682	-3.527251000000000	217.8300000000000	3803997829.293953
2.378787415563364	0.8259595348864522	0.2401185649177289	2.065754704173455	2.483171580361118	0.2071989695212131	-0.007896266233423774	-0.008016867587083941	-0.002447277809529923	-0.002241707321256628	4.901255123937133	-3.527263000000000	217.8300000000000	3803997832.294136
2.378085734795801	0.8533159293495166	0.2386960174121527	2.066098235242006	2.482772316703496	0.2053881222972299	-0.008007731120956969	-0.007958394203442107	-0.002429918523849286	-0.002234398148317238	4.906060018795705	-3.527272000000000	217.8600000000000	3803997835.294072
2.375074354825479	0.8781680194643560	0.2383451771766439	2.067854263796086	2.484887409159705	0.2053707630086715	-0.007995853714964101	-0.008046104278897671	-0.002466464388459641	-0.002214297922825848	4.907177414985386	-3.527279000000000	217.8600000000000	3803997838.295105
2.378870557432821	0.9051297185353484	0.2371702278532369	2.067784826635526	2.484210396832530	0.2063127324513070	-0.007960221496770973	-0.007992199128366339	-0.002435400403530700	-0.002289216945193291	4.909091515537421	-3.539797000000000	224.5900000000000	3803997841.294607
2.365103726980815	0.9231404258245101	0.2355183550902386	2.065357267785425	2.483317763823454	0.2041930727164467	-0.007928243865130162	-0.008005903827661334	-0.002433573110299092	-0.002246275554314335	4.913940265816325	-3.539806000000000	226.6700000000000	3803997844.288929
2.359952586200656	0.9426522537557528	0.2339231283981225	2.066026970837755	2.483421919560334	0.2064799297951574	-0.007977580782595648	-0.008040622399190686	-0.002455500629055686	-0.002228916268624824	4.912112962141706	-3.539815000000000	226.7000000000000	3803997847.291126
2.356084205576552	0.9607433618337596	0.2324466757498347	2.065761099660650	2.483694186063096	0.2058147951878126	-0.007981235369002113	-0.008021435820164699	-0.002465550741826498	-0.002330331042864025	4.908313997893424	-3.539826000000000	226.7200000000000	3803997850.291700
2.354674448542291	0.9777554537427715	0.2314252190194903	2.063903656024439	2.485674972799688	0.2055014144432077	-0.007936466684693617	-0.008028744993121638	-0.002467378035069407	-0.002278253185840904	4.900016212117764	-3.539831000000000	226.7500000000000	3803997853.295374
2.349431943141418	0.9918164684676889	0.2292087127450159	2.064636400702826	2.482958700352321	0.2058303271841844	-0.007944689504317339	-0.008031485932982425	-0.002435400403539035	-0.002301094351192761	4.891945925851402	-3.552445000000000	232.7500000000000	3803997856.290081
2.342909418599214	1.004318802797431	0.2290223288705489	2.063191012584058	2.483802909764269	0.2055726788273531	-0.007967530669737637	-0.008020522173573338	-0.002427177584008706	-0.002269116719654078	4.886715269490783	-3.552448000000000	236.5900000000000	3803997859.295145
2.335675163247578	1.015121755225392	0.2277934743993225	2.064685737587839	2.482937686652566	0.2057435307876530	-0.007970271609580597	-0.007995853714839017	-0.002447277809535565	-0.002314799050425768	4.879447169793592	-3.552453000000000	236.6400000000000	3803997862.290825
2.328783525497340	1.025073189409520	0.2256107730391165	2.064732333375559	2.481850446792153	0.2064497794589769	-0.007926416571817564	-0.008004990181014868	-0.002491132847037471	-0.002277339539229542	4.875436238669383	-3.552457000000000	236.6700000000000	3803997865.295536
2.325427700848338	1.035038328282919	0.2258474074679594	2.061678926730066	2.481978357610948	0.2038933966762488	-0.007945603150851920	-0.008063463564673959	-0.002460068862128945	-0.002303835291062086	4.867869375141396	-3.552464000000000	236.6900000000000	3803997868.289922
2.324007893745249	1.043927191955402	0.2242604035800869	2.062420807694934	2.482914845200872	0.2071743011189556	-0.007919107398882743	-0.008036967812699393	-0.002484737320752988	-0.002264548486614662	4.858282427975964	-3.564721000000000	242.3300000000000	3803997871.294897
2.322111163024054	1.051318589539866	0.2241233566167796	2.062948895514103	2.483990207893294	0.2056393750700468	-0.007950171383938375	-0.008017781233696609	-0.002492046493673575	-0.002244448261051802	4.855114797591389	-3.564723000000000	247.2400000000000	3803997874.294502
2.320265596526361	1.057180543420939	0.2242741082811056	2.063427646036796	2.483723422976904	0.2060605660454912	-0.007988544541952847	-0.008078995557201112	-0.002493873786912964	-0.002257239313696776	4.855877696722733	-3.564728000000000	247.3000000000000	3803997877.291138
2.319058669130285	1.062914586836784	0.2236016644941907	2.063291512786219	2.482423303440356	0.2057389625039805	-0.007972098902851325	-0.008024176760043564	-0.002492960140286824	-0.002220693449090999	4.853740665485427	-3.564735000000000	247.3100000000000	3803997880.291004
2.318081067077333	1.068500619571643	0.2226368538445897	2.056638338601803	2.474634463382548	0.2103291222880139	-0.008002249241214610	-0.008028744993126224	-0.002451846042584375	-0.002237139088188994	4.850721960388572	-3.564736000000000	247.3400000000000	3803997883.294568
2.316676791980351	1.073922195994449	0.2224952386466707	2.062133008969741	2.482353866228109	0.2052346296533129	-0.007935553038046344	-0.008017781233693923	-0.002483823674158547	-0.002199679576987969	4.849741612143294	-3.577262000000000	252.8900000000000	3803997886.293035
2.316666741865808	1.080373451660627	0.2224276288075007	2.059948480112270	2.484558496303152	0.2057526672012792	-0.007946516797498368	-0.008046104278912527	-0.002478341794427954	-0.002310230817335282	4.854600411721426	-3.577267000000000	259.4000000000000	3803997889.294639
2.315284394294038	1.086635582568341	0.2216939707037326	2.057984140087179	2.483922597922799	0.2044470664303726	-0.007988544542035755	-0.008027831346534335	-0.002464637095211624	-0.002282821418906668	4.857055393756747	-3.577275000000000	259.4300000000000	3803997892.295361
2.311315512709599	1.091895443618721	0.2209201121623339	2.059456938234170	2.482573141368650	0.2062880640173388	-0.007993112775062780	-0.008043363339032572	-0.002441795929854133	-0.002244448261096946	4.850737492461462	-3.577282000000000	259.4600000000000	3803997895.292584
2.306905339755054	1.096684776887588	0.2206697730347830	2.057431383697630	2.485981043896376	0.2041254629295385	-0.007964789729835522	-0.008105491309166768	-0.002465550741823544	-0.002254498373856744	4.847445605605912	-3.577286000000000	259.5000000000000	3803997898.296093
2.303839141206316	1.101823122997466	0.2198520594569163	2.060107454364399	2.483689617505983	0.2055297374970415	-0.007912711872584724	-0.008057068038328369	-0.002487478260570463	-0.002330331042850036	4.848679948933801	-3.589657000000000	264.7600000000000	3803997901.293974
2.303335721839163	1.107601935079613	0.2189813543907788	2.056427286261859	2.484040458442020	0.2056686117412367	-0.007959307850170119	-0.008026004053274617	-0.002492046493682437	-0.002260893900160555	4.848809687493584	-3.589658000000000	272.9300000000000	3803997904.292893
2.301764249406439	1.111473053940645	0.2186542689622916	2.057281546044426	2.483515111068075	0.2069541123222054	-0.007976667135924834	-0.008074427324088994	-0.002518542245501009	-0.002262721193371476	4.850465224300402	-3.589659000000000	272.9500000000000	3803997907.290651
2.300195517916367	1.113824779206047	0.2190380004719718	2.052332322323833	2.489477571606570	0.2051953429070960	-0.007984889955507475	-0.008038795105933966	-0.002492046493684305	-0.002278253185856503	4.848264237432566	-3.589664000000000	272.9900000000000	3803997910.290545
2.298968490316876	1.114712843292341	0.2178886332341517	2.056633770335250	2.481295863251912	0.2067001185726147	-0.007930984804968830	-0.008031485932982418	-0.002495701080122830	-0.002260893900196560	4.845506836748931	-3.589671000000000	273.0100000000000	3803997913.296469
2.298792156492232	1.114739339031540	0.2182705374484724	2.055958585472187	2.484177505485459	0.2056037428606996	-0.007921848338827489	-0.008025090406685430	-0.002462809801981350	-0.002276425892594789	4.839404557501866	-3.602230000000000	278.1600000000000	3803997916.297001
2.299065336873576	1.113778183250902	0.2186725418911523	2.055713728538441	2.482118145580211	0.2061062484047599	-0.007962048790004729	-0.008087218376770209	-0.002478341794467440	-0.002238052734774318	4.838953213592555	-3.602230000000000	288.3900000000000	3803997919.291962
2.300568285794832	1.112034032694695	0.2191531199245545	2.053226782849273	2.478458990569028	0.2049048033121229	-0.007913625519226525	-0.008025090406666794	-0.002471032621526193	-0.002236225441556670	4.841607371626396	-3.602235000000000	288.4100000000000	3803997922.291780
2.299737780889132	1.107612898833762	0.2199607833892845	2.056927050906312	2.483500492877777	0.2070600953051167	-0.007936466684739543	-0.008036967812715873	-0.002492960140272036	-0.002259066606942912	4.846415006475790	-3.602245000000000	288.4600000000000	3803997925.297120
2.300923694385210	1.102660022897346	0.2189722179283707	2.054419091198347	2.486286202426478	0.2046663415731283	-0.007997681008133558	-0.008067118151141497	-0.002480169087660378	-0.002301094351234694	4.845385321128343	-3.602251000000000	288.4900000000000	3803997928.292640
2.303690216784266	1.097054803590019	0.2186341687427367	2.055432324976515	2.483936302726002	0.2080020648024301	-0.007959307850157735	-0.008092700256484477	-0.002441795929838282	-0.002253584727273317	4.841706959604251	-3.614641000000000	293.5300000000000	3803997931.292226
2.308970181450923	1.091409383851664	0.2205519126445601	2.059832446389366	2.482141900256194	0.2048344525544510	-0.007955653263690741	-0.008078081910581927	-0.002458241568916952	-0.002260893900155432	4.836413262118491	-3.614640000000000	305.9500000000000	3803997934.291108
2.313300867146272	1.084151378608851	0.2212453702987791	2.056731530688300	2.486303561846691	0.2048426753327134	-0.007974839842732921	-0.008103664015912998	-0.002471032621543675	-0.002247189200961970	4.832372181023675	-3.614647000000000	306.0100000000000	3803997937.291434
2.315453418947952	1.074594639581804	0.2220868386771806	2.059025697099387	2.486197578815312	0.2074657543050382	-0.007966617023130056	-0.008099095782812510	-0.002464637095236076	-0.002295612471520751	4.831522485066867	-3.614653000000000	306.0300000000000	3803997940.295599
2.320017084602197	1.064542704326721	0.2231064681204733	2.055863566580694	2.487381664749920	0.2050491594823086	-0.007922761985380000	-0.008043363339043645	-0.002453673335845561	-0.002242620967860479	4.833071124548180	-3.614661000000000	306.0700000000000	3803997943.291688
2.320425484712850	1.050912930636531	0.2234509128307730	2.057422247440270	2.485895161627425	0.2065173892908961	-0.007966617023117082	-0.008057068038336196	-0.002460068862139432	-0.002280994125662692	4.833874224284243	-3.627311000000000	326.5200000000000	3803997946.295722
2.324549686289130	1.037645874476995	0.2237953575418010	2.057153635247992	2.486306302991473	0.2061628944881055	-0.007956566910299639	-0.008045190632294955	-0.002471032621511410	-0.002259980253549185	4.833047369539976	-3.627313000000000	326.5700000000000	3803997949.292557
2.329128883983165	1.023233106004660	0.2254454030315854	2.057262359340218	2.487586322150779	0.2049769813637592	-0.007925502925201618	-0.008047931572134412	-0.002439054990015976	-0.002266375779805703	4.835414640932672	-3.627315000000000	326.6200000000000	3803997952.297092
2.337684272555661	1.009661805656508	0.2273503558737058	2.058218947123568	2.486374826549863	0.2044644256863516	-0.007994940068327601	-0.008125591534805996	-0.002477428147808249	-0.002279166832428931	4.834569513180805	-3.627322000000000	326.6500000000000	3803997955.292173
2.347450243217816	0.9950407258382329	0.2293466733594056	2.056618238295055	2.487952694346793	0.2057133804502675	-0.007987630895363907	-0.008073513677476300	-0.002454586982430599	-0.002287389651948245	4.829219169436534	-3.627333000000000	326.7100000000000	3803997958.296917
2.355249132390403	0.9785009890266884	0.2306988700973262	2.058256406658230	2.486445177025362	0.2054511638947973	-0.008061636271523683	-0.008111886835507759	-0.002534074237962653	-0.002268203073054521	4.827594696860609	-3.639924000000000	350.6400000000000	3803997961.295266
2.359807316355496	0.9593007145108712	0.2322986650224700	2.058544205360290	2.487105743958978	0.2053068077518376	-0.007950171383930298	-0.008131987061129445	-0.002516714952263209	-0.002311144463913345	4.825293208485959	-3.639925000000000	350.7200000000000	3803997964.297354
2.361363256889118	0.9381479780660595	0.2334781825833834	2.057965867159557	2.485269313688084	0.2049605357436118	-0.007971185256241039	-0.008147519053660911	-0.002518542245512029	-0.002270944012939970	4.826847329822249	-3.639929000000000	350.7500000000000	3803997967.293150
2.370023715144345	0.9199755554352556	0.2353073027592098	2.057911961959605	2.486002972075445	0.2052127021672597	-0.008001335594686722	-0.008092700256484463	-0.002496614726754898	-0.002261807546773003	4.829776496844726	-3.639934000000000	350.8000000000000	3803997970.292266
2.378021779514918	0.9006656432579343	0.2368349196110799	2.060572500596668	2.487514143907563	0.2058559092706674	-0.008010472060819073	-0.008078081910570285	-0.002486564613991069	-0.002225261682160497	4.829720764118239	-3.639941000000000	350.8600000000000	3803997973.290857
2.380640291351770	0.8787938671076798	0.2373876757050688	2.056155933293521	2.489336869474129	0.2060843209187027	-0.007947430444111610	-0.008067118151147978	-0.002489305553833529	-0.002254498373868829	4.831782875772849	-3.652306000000000	378.0800000000000	3803997976.297602
2.380345183422647	0.8557535373990832	0.2385571431495596	2.057544676114770	2.487123103084282	0.2070628361995595	-0.008023263113471691	-0.008042449692425549	-0.002430832170452326	-0.002275512245970245	4.834955987803245	-3.652308000000000	378.9700000000000	3803997979.298773
2.381743976735514	0.8321604516470568	0.2397074240153335	2.059427701492644	2.486141846546128	0.2045219854186280	-0.007960221496781265	-0.008024176760041128	-0.002488391907198239	-0.002315712696999248	4.835844970808735	-3.652314000000000	379.0300000000000	3803997982.297930
2.385732958849714	0.8089775929311156	0.2419157074625845	2.059479779299406	2.487654846049014	0.2052008247564674	-0.007974839842653271	-0.008076254617337077	-0.002478341794419344	-0.002240793674663511	4.834158369910098	-3.652314000000000	379.1200000000000	3803997985.296392
2.388632873939019	0.7847988597322575	0.2431875033036170	2.059138989286601	2.487092952843623	0.2060130564298888	-0.007921848338779992	-0.008066204504519075	-0.002497528373358472	-0.002286476005350313	4.833943661824136	-3.652322000000000	379.1600000000000	3803997988.293296
2.388444662688447	0.7595758287737016	0.2438946656459607	2.056409013290766	2.488347390154369	0.2067101687114929	-0.007949257737360518	-0.008080822850430549	-0.002494787433510106	-0.002277339539172586	4.831626641307823	-3.664777000000000	407.3400000000000	3803997991.296449
2.394413517565033	0.7366688908211340	0.2444848812435534	2.057201144922224	2.488492659970672	0.2050765688627209	-0.007915452812419252	-0.008060722624805890	-0.002445450516312544	-0.002309317170709128	4.830401434554298	-3.664775000000000	413.5000000000000	3803997994.296502
2.397235772696626	0.7128355154486660	0.2457648998976750	2.058578923944631	2.485566248903800	0.2059628059052624	-0.007994940068350269	-0.008014126647233399	-0.002488391907223762	-0.002273684952767367	4.829845934387825	-3.664779000000000	413.5900000000000	3803997997.292745
2.394000549186154	0.6874535095431642	0.2466219002543807	2.055610486485080	2.488822486669430	0.2068874160914254	-0.007987630895325544	-0.008044276985662541	-0.002460982508757517	-0.002297439764763926	4.822593368057375	-3.664786000000000	413.6700000000000	3803998000.292184
2.391085102081672	0.6623282380308607	0.2478818186886320	2.057910134586528	2.488499055476957	0.2054886233645181	-0.008019608527032528	-0.008069859091013350	-0.002485650967374855	-0.002238966381394825	4.820287311528476	-3.664789000000000	413.7700000000000	3803998003.294373
2.397340842085630	0.6413162017123090	0.2477941086283226	2.059878129396046	2.487116707723199	0.2045932498687260	-0.008056154391816173	-0.008060722624828039	-0.002469205328323315	-0.002263634840005966	4.814407050113273	-3.677361000000000	442.3800000000000	3803998006.291771
2.393323536869156	0.6180474589861953	0.2479832334423379	2.056178774331469	2.489755319550769	0.2053552310109936	-0.007973012549494873	-0.008046104278897669	-0.002453673335847436	-0.002279166832427850	4.809635048075275	-3.677366000000000	456.9200000000000	3803998009.293701
2.390462908576788	0.5970847592293356	0.2493217254676405	2.059571143631985	2.489079220462227	0.2055498377036899	-0.007996767361551152	-0.008097268489584145	-0.002471032621499591	-0.002295612471504910	4.811457782902454	-3.677367000000000	457.0100000000000	3803998012.293860
2.394984546846760	0.5801174344334761	0.2500681746055058	2.058704093474272	2.485864097945340	0.2060788389840854	-0.007962962436648733	-0.008048845218758705	-0.002463723448601319	-0.002295612471496843	4.813563749723840	-3.677374000000000	457.1200000000000	3803998015.296741
2.397747414936616	0.5640993879987720	0.2505505799240968	2.059534598428858	2.487091125966653	0.2062679638058165	-0.008003162887888366	-0.008084477436928882	-0.002493873786895240	-0.002281907772268684	4.817431236722183	-3.677381000000000	457.2000000000000	3803998018.297733
2.391804142153728	0.5472691099134129	0.2498817907337515	2.057940284831018	2.490789568005228	0.2057298260662913	-0.008004076534523981	-0.008086304730145618	-0.002505751192875108	-0.002282821418881418	4.822648187182963	-3.690007000000000	484.2900000000000	3803998021.298358
2.388589018890745	0.5328974538651120	0.2502189262635135	2.062059917375263	2.486429645259669	0.2063246098740922	-0.008026004053356498	-0.008068031797757974	-0.002513974012416716	-0.002280080479098579	4.823103185677226	-3.690008000000000	513.8099999999999	3803998024.297603
2.386353325057633	0.5197299835382216	0.2507616322489276	2.058994632875192	2.489132212251164	0.2059253463972247	-0.008024176760118672	-0.008146605407037402	-0.002492046493660924	-0.002266375779830954	4.826527551785092	-3.690010000000000	513.9299999999999	3803998027.294303
2.382685946627956	0.5077593897823928	0.2509452751797899	2.057702736962467	2.488146388094306	0.2061427942651642	-0.007995853714926232	-0.008057981684962145	-0.002482910027513026	-0.002250843787391370	4.827743622058354	-3.690015000000000	514.0400000000000	3803998030.297588
2.387470715155263	0.4990815772325653	0.2511270908188976	2.056291152530885	2.488313584625322	0.2058486000961722	-0.008001335594654014	-0.008070772737634145	-0.002476514501226692	-0.002302921644436764	4.826869257461945	-3.690023000000000	514.1500000000000	3803998033.298670
2.393047615517233	0.4922730849846209	0.2530375255091845	2.058715057259428	2.489147744993800	0.2057490126289750	-0.007987630895329337	-0.008068945444379052	-0.002514887659046650	-0.002288303298564727	4.821175380848429	-3.702583000000000	534.1100000000000	3803998036.298399
2.391459697290738	0.4862128690404061	0.2521914889142416	2.058350512041834	2.486672674987660	0.2058659593658970	-0.007983062662271227	-0.008090872963252066	-0.002452759689225851	-0.002259066606941302	4.820076257950065	-3.702606000000000	591.6300000000000	3803998039.292054
2.388048139956791	0.4818154893610140	0.2524007139460755	2.059740168864428	2.488541997055381	0.2059902152999479	-0.007982149015682595	-0.008057068038344561	-0.002481082734296737	-0.002273684952767117	4.823833193265783	-3.702606000000000	591.8600000000000	3803998042.296964
2.390232669572466	0.4800558065696749	0.2522207255975554	2.059189239907913	2.484970550969231	0.2054356318794923	-0.007943775857696197	-0.008011385707388022	-0.002449105102780090	-0.002249016494181496	4.820813574834355	-3.702614000000000	592.0200000000000	3803998045.292574
2.395968544508407	0.4810260989502421	0.2528895147887542	2.064347688079907	2.486767694364704	0.2058933687617890	-0.008084477437052111	-0.008121936948314956	-0.002471946268146158	-0.002331244689485054	4.820985341317547	-3.702617000000000	592.1700000000000	3803998048.297803
2.395667041047136	0.4820777058518608	0.2532083773921468	2.057837956559863	2.494936612128580	0.2058522546860447	-0.008016867587217097	-0.008046104278894963	-0.002477428147829744	-0.002272771306120015	4.820599780338693	-3.715124000000000	708.5700000000000	3803998051.297403
2.391509947866664	0.4836838960618494	0.2524591873185094	2.060058117692900	2.486677244392611	0.2061236076675576	-0.008003162887892407	-0.008074427324106541	-0.002456414275669735	-0.002271857659530928	4.825339804727999	-3.715127000000000	709.0700000000000	3803998054.294604
2.392020676456556	0.4871584929677500	0.2526437438950147	2.065420309772024	2.475676934304361	0.2052209249817382	-0.008025090406744340	-0.008089045670012880	-0.002480169087667357	-0.002266375779828814	4.825181743017262	-3.715134000000000	709.3300000000000	3803998057.293485
2.392809153689034	0.4935823401380746	0.2518497851482941	2.047846318316376	2.501586134500021	0.2061035074424855	-0.008085391083687247	-0.008091786609876641	-0.002490219200448928	-0.002258152960299827	4.825267626236066	-3.715137000000000	709.5900000000000	3803998060.297813
2.390624624068930	0.5019376355670543	0.2517374066388606	2.060160446206769	2.481504174634892	0.2062314179503133	-0.008041536045960100	-0.008063463564668008	-0.002512146719198536	-0.002277339539227401	4.815745549623410	-3.715142000000000	709.9900000000000	3803998063.296513
2.389797773670332	0.5135546482386810	0.2521467202384370	2.066788037423655	2.486265188986508	0.2054941052673258	-0.007973926196065975	-0.008082650143696180	-0.002440882283206749	-0.002272771306147149	4.807583900379583	-3.727607000000000	891.9600000000000	3803998066.294039
2.389172839225960	0.5287485860700558	0.2505478389826434	2.041039651836170	2.494423141398725	0.2063922197330574	-0.008016867587165270	-0.008044276985656608	-0.002476514501186395	-0.002285562358712061	4.807735566503335	-3.727608000000000	911.7800000000000	3803998069.297600
2.391486193050051	0.5474079841445825	0.2500718291888442	2.043383154571231	2.508320626121324	0.2075626008604888	-0.008118282361923881	-0.008218783489993923	-0.002494787433511181	-0.002271857659536563	4.807669783605449	-3.727615000000000	912.1500000000000	3803998072.298014
2.394869427342055	0.5695794383443349	0.2507662004802813	2.096971264759111	2.483303143889886	0.2054164453671533	-0.008036967812833636	-0.008100009429461411	-0.002477428147836729	-0.002245361907726303	4.806636443771848	-3.727619000000000	912.6600000000000	3803998075.293561
2.389960402811926	0.5916823688710150	0.2484948754497820	1.926201590877873	2.550487262498304	0.2137297142382868	-0.008016867587219237	-0.008114627775359363	-0.002463723448597563	-0.002289216945193827	4.808932450024207	-3.727639000000000	913.2400000000000	3803998078.297131
2.388200718981327	0.6165856249740658	0.2473738312688838	1.993962186946175	2.468078130964940	0.2065950492714289	-0.008034226872937211	-0.008126505181401131	-0.002470118974912121	-0.002302921644400747	4.809834224086450	-3.283597000000000	493.0900000000000	3803998081.293770
2.390704111344801	0.6443604710034829	0.2476287386266410	2.075722588261391	2.495791785783155	0.2061281758835100	-0.008146605407117122	-0.008188633151528299	-0.002470118974902997	-0.002266375779846811	4.808394309266594	-1.408354000000000	58.97700000000000	3803998084.292968
2.393278768174327	0.6732563606893417	0.2463697338414561	2.044443898315419	2.474956980067618	0.2054310636290261	-0.008026004053433521	-0.008111886835499136	-0.002445450516302595	-0.002279166832428125	4.802187874475313	-0.005457000000000000	45.23200000000000	3803998087.294987
