0.1478457534048105	-0.03665055300947387	-0.005744628447339092	1.891944420246131	2.670106507729019	0.1850604020064834	-0.006146632958948827	-0.005235727281350429	-0.002471032621435100	-0.002198765930394047	-0.001675000000000000	37.77100000000000	3801149229.695355
0.1478320487073064	-0.03666060312253313	-0.005827770289465855	1.899750615512497	2.669770285307950	0.1861549505230243	-0.006246220440346089	-0.005180908484321333	-0.002503923899663915	-0.002213384276184943	-0.001669000000000000	37.77000000000000	3801149232.699050
0.1477543887547356	-0.03679399553244615	-0.005775692432297531	1.905533083749787	2.661975961360981	0.1849260960052699	-0.006138410139479306	-0.005201922356505844	-0.002524024125261967	-0.002273684952745884	-0.001667000000000000	37.76400000000000	3801149235.700094
0.1474757265719933	-0.03712930385058817	-0.005845129575160004	1.901369596850673	2.664709594101896	0.1854505290473560	-0.006122878146869853	-0.005167203785049290	-0.002378754313353722	-0.002229829915239147	-0.001665000000000000	37.76800000000000	3801149238.700449
0.1473743118103960	-0.03711651279759627	-0.005782087958554791	1.896206580953861	2.660562549376276	0.1859996306221353	-0.006090900515312197	-0.005173599311364405	-0.002397027245711301	-0.002316626343625654	-0.001661000000000000	37.77000000000000	3801149241.701154
0.1473788800428979	-0.03710189445130266	-0.005744628447264559	1.906329783587593	2.663814219993742	0.1863596073048884	-0.006297384650980175	-0.005285977845274793	-0.002534074237954852	-0.002320280930077089	-0.001669000000000000	37.76700000000000	3801149244.700136
0.1473569525268771	-0.03714026761030016	-0.005820461116505857	1.910707977244710	2.662889608941891	0.1857246230143645	-0.006248047733509936	-0.005234813634698938	-0.002456414275700636	-0.002325762809765488	-0.001668000000000000	37.76700000000000	3801149247.695181
0.1471504684176254	-0.03715579960326731	-0.005789397131493950	1.901765205738840	2.666086459890058	0.1869900233824936	-0.006138410139428517	-0.005127003333883106	-0.002355913147950566	-0.002100092095978498	-0.1256720000000000	38.07400000000000	3801149250.697277
0.1469412433688612	-0.03707722599193973	-0.005699859763026608	1.906687932896773	2.661880942316211	0.1847049935413387	-0.006185919763495856	-0.005168117431662025	-0.002506664839545595	-0.002226175328771864	-0.1256720000000000	38.07000000000000	3801149253.696604
0.1469302796108461	-0.03715762689660872	-0.005848784161606076	1.901169508343125	2.670831943730956	0.1848466087384016	-0.006256270553176800	-0.005224763521936497	-0.002534074237880681	-0.002280080479030090	-0.1256750000000000	38.06700000000000	3801149256.697413
0.1467055225715002	-0.03710006715798866	-0.005775692432211931	1.898476078578744	2.668574321350839	0.1858187285956840	-0.006107346154396696	-0.005158980965472662	-0.002511233072564860	-0.002206988749906912	-0.1256760000000000	38.07200000000000	3801149259.696333
0.1464981248156650	-0.03731568776596335	-0.005756505853299361	1.891231776037915	2.671637780311011	0.1845515009563586	-0.006126532733436909	-0.005186390364002174	-0.002367790553971528	-0.002200593223573007	-0.1256840000000000	38.07200000000000	3801149262.699572
0.1464634062486137	-0.03749293521477434	-0.005808583710467354	1.897594409754251	2.677502481582927	0.1837374419416325	-0.006169474124396496	-0.005114212281248833	-0.002472859914662149	-0.002217038862654076	-0.2502990000000000	38.39000000000000	3801149265.700895
0.1462806769482546	-0.03754318578021364	-0.005803101830805794	1.903946993527954	2.664029840572484	0.1858123330516588	-0.006078109462677355	-0.005190044950482129	-0.002510319425945674	-0.002247189200917079	-0.2503080000000000	38.39200000000000	3801149268.701794
0.1460723655458642	-0.03756602694630969	-0.005793965364645033	1.905206911917111	2.662392584537081	0.1856250355576678	-0.006082677695702587	-0.005140708033138967	-0.002506664839518976	-0.002248102847567139	-0.2503150000000000	38.39400000000000	3801149271.701641
0.1460321650997761	-0.03749110792151440	-0.005741887507365055	1.907250739019355	2.660422761747663	0.1850275107902746	-0.006139323786024253	-0.005078580063173938	-0.002503923899628145	-0.002369617847291030	-0.2503110000000000	38.39200000000000	3801149274.701495
0.1460632290808380	-0.03753861754700561	-0.005817720176661764	1.903271808744393	2.665562026820295	0.1861997191582326	-0.006068059349872839	-0.005151671792544031	-0.002320280930084855	-0.002195111343882451	-0.2503140000000000	38.39100000000000	3801149277.696301
0.1456118877088152	-0.03758155893927880	-0.005807670063875305	1.908451270489529	2.665637859385516	0.1847963582064739	-0.006245306793708484	-0.005154412732429354	-0.002789895290184926	-0.002168615592096901	-0.3750840000000000	38.72700000000000	3801149280.696704
0.1456054921833104	-0.03751851732080348	-0.005701687056188096	1.909438008709983	2.666144933819531	0.1849535053721434	-0.006088159575536460	-0.005087716529359253	-0.002767967771379650	-0.002332158336084893	-0.3750970000000000	38.72900000000000	3801149283.701994
0.1456219378203507	-0.03746187122890023	-0.005777519725544984	1.903672899621512	2.664789995070847	0.1851179617482948	-0.006094555101736268	-0.005179081191065467	-0.002337640215781613	-0.002249016494166988	-0.3751030000000000	38.72900000000000	3801149286.702763
0.1455963557182927	-0.03760440010537073	-0.005862488860863281	1.902084068504744	2.667836094175652	0.1873426908914530	-0.006135669199607531	-0.005201008709926840	-0.002466464388488409	-0.002194197697293638	-0.3751120000000000	38.73100000000000	3801149289.697071
0.1456301606388675	-0.03748653968828087	-0.005723614574983650	1.902986750974140	2.667028430351545	0.1881622317778065	-0.006157596718364438	-0.005165376491805298	-0.002482910027465206	-0.002259980253533048	-0.3751190000000000	38.73000000000000	3801149292.700688
0.1456100604158229	-0.03751212179431650	-0.005765642319627738	1.910728990951992	2.664225361323539	0.1856168127567825	-0.006101864274688711	-0.005129744273761126	-0.002492046493649069	-0.002390631719411236	-0.5000590000000000	39.08900000000000	3801149295.696875
0.1456210241738491	-0.03761445021844973	-0.005812238296965925	1.898049405697353	2.666934325032620	0.1853125684391623	-0.006160337658298613	-0.005168117431639375	-0.002583411155146002	-0.002165874652182185	-0.5000860000000000	39.08800000000000	3801149298.702646
0.1455835646672595	-0.03751029450108041	-0.005695291529848403	1.907245257289199	2.665557458589058	0.1847031662600502	-0.006114655327317481	-0.005153499085799084	-0.002578842922149823	-0.002285562358744826	-0.5000980000000000	39.08800000000000	3801149301.697390
0.1456191968808437	-0.03751851732080411	-0.005772037845857678	1.893938910531093	2.668739691440835	0.1856798543446390	-0.006196883522927368	-0.005161721905316184	-0.002505751192819755	-0.002119278674872490	-0.5000830000000001	39.08800000000000	3801149304.701537
0.1454995091890272	-0.03754775401346131	-0.005824115702943757	1.905822709615739	2.663044015252821	0.1857365004289603	-0.006111914387475037	-0.005169031078288466	-0.002635489012191642	-0.002298353411342505	-0.5000880000000000	39.08800000000000	3801149307.698369
0.1456310742853713	-0.03750389897454564	-0.005691636943420134	1.903326627519868	2.664951710743769	0.1864171670362841	-0.006109173447657455	-0.005111471341399650	-0.002434486756907766	-0.002256325667080312	-0.6249410000000000	39.46200000000000	3801149310.699176
0.1458996863569860	-0.03753770390033237	-0.005891725552771278	1.907864709347571	2.661075105889550	0.1858333468890609	-0.006184092470337936	-0.005152585439160515	-0.002577015628853450	-0.002244448261102553	-0.6249470000000000	39.46300000000000	3801149313.701923
0.1458960317709682	-0.03758886811240826	-0.005783001605203567	1.905258989810879	2.658044537974136	0.1859466391150282	-0.006138410139431015	-0.005161721905338012	-0.002415300178032870	-0.002234398148329076	-0.6249510000000000	39.46300000000000	3801149316.697891
0.1460458697973085	-0.03748471239500958	-0.005752851266784879	1.901446343162700	2.662829308021023	0.1857017818494419	-0.006201451756161567	-0.005128830627129799	-0.002382408899860243	-0.002159479125928620	-0.6249620000000000	39.46500000000000	3801149319.702106
0.1460330787462766	-0.03756694059295853	-0.005840561342117830	1.905158488616057	2.669028404067755	0.1854825067011373	-0.006122878146906848	-0.005147103559453531	-0.002457327922226009	-0.002321194576745142	-0.6249670000000000	39.46400000000000	3801149322.700179
0.1460394742717906	-0.03749750344802731	-0.005744628447311031	1.906438507290568	2.654283966501585	0.1853116548088656	-0.006146632958977509	-0.005095025702315367	-0.002197852283762504	-0.002300180704574950	-0.7499920000000000	39.86200000000000	3801149325.697306
0.1460431288578004	-0.03756054506645089	-0.005861575214339740	1.899968063354934	2.667662501376703	0.1866227375052477	-0.006137496492761632	-0.005141621679749781	-0.002486564613935173	-0.002167701945448465	-0.7499980000000001	39.86600000000000	3801149328.703492
0.1460166331092430	-0.03760257281205946	-0.005730923747962232	1.911145613735412	2.659351053411969	0.1857867509260093	-0.006196883522997765	-0.005204663296366849	-0.002704926154887540	-0.002376927020199517	-0.7500050000000000	39.86200000000000	3801149331.702623
0.1460476970903103	-0.03755963141977789	-0.005772951492453351	1.901610799512422	2.663288872719271	0.1863111840566473	-0.006125619086743028	-0.005198267770014030	-0.002514887658989386	-0.002262721193380082	-0.7500140000000000	39.86100000000000	3801149334.698473
0.1460952067083996	-0.03752491284734139	-0.005825029349552703	1.903573312053396	2.659635197743563	0.1865569549570514	-0.006135669199604548	-0.005145276266238088	-0.002550519877031645	-0.002206075103278073	-0.7500140000000000	39.86300000000000	3801149337.697974
0.1463126545758120	-0.03707357140536942	-0.005682500477283861	1.891790013896808	2.668110188591523	0.1861951509636067	-0.006153028485360619	-0.005171772018129829	-0.002354085854715990	-0.002101005742608133	-0.8748890000000000	40.28100000000000	3801149340.702204
0.1465154840992019	-0.03713478573045892	-0.005834165815755550	1.902603019577711	2.652643055950265	0.1862106829353179	-0.006077195816101648	-0.005154412732405874	-0.002181406644724675	-0.002276425892581352	-0.8749000000000000	40.28100000000000	3801149343.697758
0.1465054339876836	-0.03704798929931694	-0.005728182808209015	1.895995528602605	2.665700900771236	0.1845825649247501	-0.006207847282408252	-0.005177253897852439	-0.002475600854543303	-0.002228916268655447	-0.8749100000000000	40.28200000000000	3801149346.702646
0.1465282751502211	-0.03715214501671876	-0.005839647695449130	1.899124767610895	2.661065055364336	0.1854432199095537	-0.006103691567952907	-0.005158980965490442	-0.002418954764463061	-0.002241707321249650	-0.8749090000000000	40.28500000000000	3801149349.702412
0.1465109158666941	-0.03707083046543155	-0.005736405627589594	1.903789846340556	2.658488570627968	0.1845350553181951	-0.006133841906376134	-0.005102334875239693	-0.002522196831944892	-0.002255412020431039	-0.8749150000000000	40.28400000000000	3801149352.697771
0.1465310160897283	-0.03717315888951742	-0.005885330026404795	1.910976589230445	2.651193098097631	0.1853189639824647	-0.006093641455180580	-0.005129744273751415	-0.002495701080250996	-0.002362308674368313	-0.9997560000000000	40.73300000000000	3801149355.698924
0.1465438071407410	-0.03709732621812844	-0.005751023973673856	1.901001397277059	2.661787750547604	0.1856853361922587	-0.006234343034325083	-0.005162635551951804	-0.002488391907143670	-0.002215211569433476	-0.9997720000000000	40.73600000000000	3801149358.700222
0.1465017794016741	-0.03720148193547278	-0.005761074086428251	1.906483275940650	2.647872904332227	0.1858689791624339	-0.006120137207050609	-0.005074011830106604	-0.002486564613971387	-0.002407991005105044	-0.9997810000000000	40.73700000000000	3801149361.699248
0.1466991270459865	-0.03703428459969870	-0.005785742544988617	1.906666005241088	2.650276710149531	0.1878287508383181	-0.006128360026595719	-0.005137967093284129	-0.002418041118015314	-0.002338553862387346	-0.9997860000000000	40.73800000000000	3801149364.704798
0.1469549480663845	-0.03709458527810354	-0.005708996229248879	1.903292822757823	2.652455758635861	0.1860334355327574	-0.006142064725888028	-0.005042034198543716	-0.002555088110095505	-0.002311144463930543	-0.9997950000000000	40.73900000000000	3801149367.703632
0.1469174885598312	-0.03710920362446599	-0.005879848146707403	1.899877612098609	2.662118490541845	0.1867241522583939	-0.006167646831284985	-0.005169944724888774	-0.002523110478557891	-0.002216125216047277	-1.124697000000000	41.21200000000000	3801149370.699410
0.1473478160618439	-0.03710006715804139	-0.005596617695305503	1.903404287518446	2.659008435633021	0.1856250355410899	-0.006118309913873859	-0.005179994837683015	-0.002447277809562431	-0.002255412020437226	-1.124708000000000	41.21200000000000	3801149373.699243
0.1472591923512412	-0.03704068012619914	-0.005915480364818911	1.903722236464432	2.655702860325375	0.1857602552344529	-0.006132928259742943	-0.005129744273753570	-0.002370531493902645	-0.002322108223320513	-1.124713000000000	41.21400000000000	3801149376.700501
0.1473441614758323	-0.03660943891051186	-0.005667882131362226	1.904805821111135	2.660409056732892	0.1865048770863207	-0.006139323786101801	-0.005126089687277140	-0.002329417396293167	-0.002317539990255306	-1.124722000000000	41.21200000000000	3801149379.700041
0.1478950903158417	-0.03673278120739785	-0.005557330890646119	1.899670214851536	2.662312183594039	0.1862664153379223	-0.006132928259726438	-0.005142535326370854	-0.002434486756894343	-0.002225261682193283	-1.124725000000000	41.21600000000000	3801149382.702632
0.1482559806835305	-0.03666334406246408	-0.005600272281750114	1.898940210948359	2.671817769015200	0.1852897272880895	-0.006142978372513173	-0.005192785890335901	-0.002497528373240770	-0.002277339539213957	-1.249494000000000	41.71500000000000	3801149385.700185
0.1482843037250457	-0.03660304338404311	-0.005339882995878658	1.895103809690783	2.671368254369642	0.1858287787160007	-0.006121964500362436	-0.005138880739901409	-0.002503923899538670	-0.002301094351179062	-1.249506000000000	41.71600000000000	3801149388.705849
0.1487520907331256	-0.03674648590701936	-0.005412061078552413	1.892062280483807	2.664895064510437	0.1839247394368479	-0.006152114838692218	-0.005213799762547319	-0.002474687207912850	-0.002234398148312965	-1.249511000000000	41.71500000000000	3801149391.699395
0.1486990992361271	-0.03664507112968605	-0.005593876755415820	1.906361760900615	2.662573487353619	0.1852933818785243	-0.006176783297360474	-0.005214713409124726	-0.002462809802014662	-0.002235311794953616	-1.249520000000000	41.71500000000000	3801149394.704521
0.1487685363701143	-0.03634539503069958	-0.005360896867979579	1.893120283144284	2.667896395209580	0.1858178149624208	-0.006133841906262261	-0.005160808258736070	-0.002439054989925167	-0.002156738186066545	-1.249530000000000	41.71700000000000	3801149397.705189
0.1491751090625609	-0.03626864871270312	-0.005453175176315364	1.895893199911388	2.666933410816024	0.1866766426434234	-0.006140237432667436	-0.005129744273721502	-0.002385149839646804	-0.002145774426660179	-1.374481000000000	42.24700000000000	3801149400.704326
0.1491376495560829	-0.03614804735586270	-0.005600272281717702	1.893053587000639	2.667138981708099	0.1848657953317480	-0.006147546605640374	-0.005211972469291455	-0.002458241568854068	-0.002238966381367437	-1.374492000000000	42.25300000000000	3801149403.704713
0.1492418052570267	-0.03610145137704111	-0.005296941604896093	1.907551328840923	2.657971446328537	0.1858881657334713	-0.006212415515532707	-0.005153499085799360	-0.002577015628827634	-0.002291044238394539	-1.374497000000000	42.25400000000000	3801149406.700891
0.1495168128534128	-0.03623575743355609	-0.005512562206519922	1.892751170031009	2.661407673284974	0.1849608145610154	-0.006145719312332870	-0.005144362619620780	-0.002432659463673214	-0.002152169953056386	-1.374494000000000	42.25300000000000	3801149409.705095
0.1498493801791538	-0.03621200262081979	-0.005638645439730361	1.900468741513844	2.666906915494736	0.1855555984111149	-0.006136582846162975	-0.005169944724880968	-0.002513060365766119	-0.002211556982933979	-1.374501000000000	42.25300000000000	3801149412.700928
0.1499681542240692	-0.03568482850814208	-0.005426679424388912	1.903052533574580	2.663139034568263	0.1857977147404040	-0.006138410139375693	-0.005065789010577414	-0.002624525252713213	-0.002380581606672682	-1.499398000000000	42.83100000000000	3801149415.704159
0.1502331117087778	-0.03575700659275013	-0.005360896867968514	1.908585576473725	2.658364314675355	0.1856113308522902	-0.006107346154402072	-0.005160808258756580	-0.002612647846843031	-0.002258152960301178	-1.499405000000000	42.83100000000000	3801149418.704410
0.1504003090180982	-0.03580999809812926	-0.005601185928371184	1.899959840272928	2.666260966485655	0.1851873989143580	-0.006052527357297998	-0.005113298634637201	-0.002533160591262829	-0.002321194576713433	-1.499416000000000	42.83400000000000	3801149421.701647
0.1506625255632230	-0.03567477839499922	-0.005520785026017275	1.894994172056120	2.670228936543909	0.1838169291870447	-0.006126532733401953	-0.005144362619610291	-0.002492960140212665	-0.002222520742307580	-1.499420000000000	42.83400000000000	3801149424.704225
0.1508434275699593	-0.03561539136327618	-0.005341710289285885	1.902449526917571	2.662752561911786	0.1850512655629480	-0.006101864274699973	-0.005169031078281193	-0.002492960140298103	-0.002257239313672872	-1.499432000000000	42.83200000000000	3801149427.705891
0.1508479958024545	-0.03528830586538147	-0.005253086567242434	1.903326627659781	2.659687275644234	0.1863586936643843	-0.006160337658234623	-0.005137053446694038	-0.002474687207968740	-0.002261807546751243	-1.624735000000000	43.45300000000000	3801149430.705888
0.1510243295766448	-0.03535682936354732	-0.005467793522136060	1.901439947596754	2.660883239894752	0.1861129227544667	-0.006086332282240583	-0.005120607807562872	-0.002607165967180691	-0.002254498373825307	-1.624744000000000	43.45500000000000	3801149433.706243
0.1513340557395906	-0.03536231124335673	-0.005571949236766954	1.903365000839723	2.662065499166719	0.1853089138717935	-0.006159424011606013	-0.005243036454287452	-0.002735990139875922	-0.002163133712374661	-1.624754000000000	43.45600000000000	3801149436.700826
0.1516839823483460	-0.03526181011271800	-0.005627681680291275	1.894275132346258	2.670431765693239	0.1853427188004779	-0.006053441003973006	-0.005197354123416954	-0.002399768185477460	-0.002164961005599569	-1.624765000000000	43.45200000000000	3801149439.701070
0.1517479376032060	-0.03525450093967888	-0.005474189048373452	1.900472396052431	2.663871779664063	0.1859027840824841	-0.006181351530467455	-0.005170858371524691	-0.002492960140256720	-0.002216125216054247	-1.624772000000000	43.45100000000000	3801149442.705734
0.1517177872687740	-0.03509187183737482	-0.005345364875494234	1.900833286488826	2.659245070656461	0.1866958292069895	-0.006171301417623506	-0.005083148296272790	-0.002258152960341176	-0.002277339539169356	-1.749497000000000	44.11900000000000	3801149445.705159
0.1520348226035023	-0.03486163288353365	-0.005275014085981355	1.904573754898822	2.658584503438430	0.1870466694584095	-0.006112828034131727	-0.005092284762446776	-0.002541383410898009	-0.002284648712139101	-1.749506000000000	44.11800000000000	3801149448.702381
0.1525172279542029	-0.03490640156904560	-0.005368206040881052	1.902877113517054	2.657771357927846	0.1844756682808084	-0.006060750176880047	-0.005112384988028822	-0.002619043373194939	-0.002260893900145228	-1.749507000000000	44.11700000000000	3801149451.701776
0.1526542749288194	-0.03494020649482733	-0.005461397995835185	1.905504760660931	2.659671743627152	0.1858196422416580	-0.006055268297220803	-0.005100507581990535	-0.002332158336052077	-0.002394286305861060	-1.749506000000000	44.12000000000000	3801149454.705861
0.1528141630658017	-0.03496213401425666	-0.005598444988540220	1.896866233454623	2.664186074179707	0.1853308413853604	-0.006151201192136220	-0.005193699536940776	-0.002367790554034951	-0.002253584727210695	-1.749504000000000	44.11500000000000	3801149457.702331
0.1530471429225751	-0.03472093130084196	-0.005688896003709932	1.898598507192447	2.666143106278875	0.1849754329100737	-0.006068972996391175	-0.005229331755001376	-0.002460068862080314	-0.002219779802454086	-1.874898000000000	44.83700000000000	3801149460.706486
0.1530105970627030	-0.03438105475018589	-0.005664227545025011	1.914778272183419	2.653226876451526	0.1846099743495876	-0.006129273673301815	-0.005158067318859671	-0.002703098861797310	-0.002291044238403145	-1.874905000000000	44.83800000000000	3801149463.702343
0.1532718999608032	-0.03436369546398568	-0.005544539837971176	1.905010477851785	2.664900546032052	0.1856935590303453	-0.006142064725889666	-0.005144362619622682	-0.002454586982420661	-0.002213384276227660	-1.874909000000000	44.84000000000000	3801149466.706526
0.1534646793716344	-0.03435912723076328	-0.005535403371820699	1.906712601139227	2.660756243013746	0.1872193486438574	-0.006092727808561037	-0.005161721905352551	-0.002709494388058150	-0.002162220065770265	-1.874905000000000	44.83800000000000	3801149469.705714
0.1538639428906322	-0.03435547264421705	-0.005495202920641193	1.897269151665587	2.662452885774405	0.1871215884599000	-0.006237083974181207	-0.005196440476791029	-0.002275512245941784	-0.002092782923048549	-1.874922000000000	44.83700000000000	3801149472.707225
0.1539233299129057	-0.03429882655250460	-0.005425765777793244	1.901360460233053	2.663724682137753	0.1868767312020322	-0.006183178823716313	-0.005127916980520583	-0.002395199952476465	-0.002219779802520718	-1.999636000000000	45.61500000000000	3801149475.706789
0.1539187616804300	-0.03433902700467403	-0.005323437356825511	1.903127452689912	2.662499481601721	0.1862070283548743	-0.006242565853864485	-0.005160808258725306	-0.002587065741640941	-0.002159479125936129	-1.999647000000000	45.61200000000000	3801149478.700794
0.1538776475880839	-0.03432349501180718	-0.005385565326763640	1.904290524663288	2.667859849316687	0.1843797354025487	-0.006133841906296496	-0.005106903108332327	-0.002419868411060448	-0.002211556982928314	-1.999657000000000	45.61200000000000	3801149481.706607
0.1538977478110130	-0.03436004087744640	-0.005498857507162429	1.903383273532962	2.661905611056600	0.1865085316670930	-0.006203279049321561	-0.005164462845200900	-0.002350431268421220	-0.002186888524349439	-1.999662000000000	45.61300000000000	3801149484.706786
0.1539059706294797	-0.03441668696920541	-0.005606667808115594	1.902341716780363	2.661762168275585	0.1843112119360147	-0.006174042357498582	-0.005185476717377339	-0.002505751192873206	-0.002253584727211247	-1.999664000000000	45.61500000000000	3801149487.707115
0.1539187616804299	-0.03453089279942922	-0.005659659311958236	1.903528543062876	2.666546024031481	0.1855437210152525	-0.006143892019111480	-0.005240295514414546	-0.002418041117839846	-0.002254498373839538	-2.124680000000000	46.45700000000000	3801149490.706708
0.1539936806931291	-0.03454094291250760	-0.005604840514805792	1.904412039532011	2.663578498350204	0.1868072940412406	-0.006317484876528466	-0.005384651679957607	-0.002382408899981448	-0.002170442885267816	-2.124688000000000	46.45800000000000	3801149493.701643
0.1539617030657619	-0.03448886505393670	-0.005478757281509533	1.907041514347864	2.660627418251548	0.1841394463796011	-0.006184092470340893	-0.005242122807635909	-0.002459155215593898	-0.002216125216013702	-2.124688000000000	46.45500000000000	3801149496.701437
0.1539699258842243	-0.03450348340011507	-0.005361810514570991	1.896346368929690	2.668227135520634	0.1852467858695097	-0.006111000740938984	-0.005211972469273405	-0.002523110478471357	-0.002230743561845687	-2.124689000000000	46.45700000000000	3801149499.706661
0.1539452574288263	-0.03441029144264053	-0.005311559950696146	1.902443131458414	2.655587740811031	0.1857949737706791	-0.006108259801013685	-0.005178167544443866	-0.002238966381478406	-0.002269116719705676	-2.124693000000000	46.45600000000000	3801149502.707283
0.1539114525084593	-0.03438745027660709	-0.005276841379250127	1.906282273770433	2.656160597704905	0.1861385048746383	-0.006177696943952897	-0.005174512957978730	-0.002407991005094014	-0.002360481381141257	-2.249847000000000	47.37400000000000	3801149505.702662
0.1539187616804305	-0.03434816347113730	-0.005280495965909326	1.901990876499569	2.663155480239065	0.1857100046600677	-0.006184092470305237	-0.005207404236210653	-0.002590720328097984	-0.002266375779829891	-2.249857000000000	47.37600000000000	3801149508.707683
0.1538657701836352	-0.03429699925924486	-0.005424852131073358	1.892455148399388	2.670746060589542	0.1868200851257711	-0.006149373898855004	-0.005144362619619441	-0.002393372659145417	-0.002095523862907374	-2.249858000000000	47.37700000000000	3801149511.704055
0.1540521540688781	-0.03435912723090402	-0.005546367131164266	1.906775642778799	2.657859981791321	0.1859356753980072	-0.006290075478022477	-0.005309732657320608	-0.002563310929609415	-0.002344035742084092	-2.249868000000000	47.37400000000000	3801149514.707325
0.1540402766644248	-0.03442125520240590	-0.005566467356927080	1.909607033536660	2.658961840173933	0.1842088835321392	-0.006145719312321815	-0.005168117431669008	-0.002795377169876546	-0.002280994125668877	-2.249875000000000	47.37900000000000	3801149517.701926
0.1543682757565717	-0.03448246952733936	-0.005655091078870791	1.907994447191249	2.660397179377247	0.1860855133512303	-0.006176783297383940	-0.005116953221092091	-0.002503010252994194	-0.002369617847278129	-2.374877000000000	48.38600000000000	3801149520.707559
0.1542531562980481	-0.03452997915272577	-0.005574690176453853	1.904197332537547	2.661880028399969	0.1848164584560169	-0.006122878146918490	-0.005173599311353906	-0.002520369538664077	-0.002333985629333702	-2.374892000000000	48.38500000000000	3801149523.707078
0.1539507393077981	-0.03451992903975701	-0.005406579198755305	1.909656370129122	2.661899214996422	0.1863148386144378	-0.006100950628041931	-0.005167203785035555	-0.002640057245312765	-0.002197852283721141	-2.374898000000000	48.39000000000000	3801149526.708040
0.1539333800243688	-0.03436095452409187	-0.005231159048585053	1.907857400186745	2.662752561510941	0.1861841871954047	-0.006185006116930143	-0.005162635551944789	-0.002478341794368025	-0.002171356531924083	-2.374912000000000	48.39100000000000	3801149529.707533
0.1538950068715146	-0.03436552275729875	-0.005418456604951956	1.905015046216898	2.660826593632778	0.1862015464693654	-0.006134755553031431	-0.005156240025642890	-0.002473773561334246	-0.002249930140774052	-2.374917000000000	48.39000000000000	3801149532.708247
0.1538904386390347	-0.03442399614230716	-0.005569208296781708	1.897450967543473	2.669455990658061	0.1845204369661776	-0.006185006116942718	-0.005204663296333441	-0.002447277809461127	-0.002255412020478586	-2.499981000000000	49.48900000000000	3801149535.706913
0.1539425164893333	-0.03448064223412908	-0.005616717920906844	1.905666476301530	2.661176520579482	0.1838836253517531	-0.006134755552972933	-0.005201922356491009	-0.002598943147647668	-0.002233484501706417	-2.499989000000000	49.49600000000000	3801149538.709083
0.1539333800243723	-0.03444409636846293	-0.005365465101046893	1.901672927418603	2.659680880006768	0.1843157801723812	-0.006106432507805589	-0.005134312506845134	-0.002432659463682356	-0.002189629464196457	-2.500000000000000	49.49700000000000	3801149541.708359
0.1539141934479454	-0.03433811335803435	-0.005317955476959040	1.907755071768156	2.657797853379099	0.1868255670120367	-0.006202365402719952	-0.005097766642153504	-0.002476514501207322	-0.002320280930098575	-2.500002000000000	49.49500000000000	3801149544.708146
0.1539004887504991	-0.03436826369726696	-0.005571035589905087	1.904872517347186	2.660294850898490	0.1865423365821396	-0.006193228936498917	-0.005116953221113382	-0.002384236193173812	-0.002244448261069266	-2.499998000000000	49.50200000000000	3801149547.705204
0.1539169343874404	-0.03451079257322465	-0.005635904499908738	1.907217847762364	2.659141828196326	0.1856679769316302	-0.006105518861177803	-0.005135226153438716	-0.002575188335579883	-0.002361395027750478	-2.624743000000000	50.70600000000000	3801149550.707891
0.1539160207409352	-0.03451261986660068	-0.005398356379213976	1.903888520290701	2.665851652605165	0.1851672986547541	-0.006121050853628571	-0.005144362619626727	-0.002672034876758738	-0.002295612471468616	-2.624748000000000	50.72300000000000	3801149553.708524
0.1539141934479504	-0.03438653663011675	-0.005279582319271421	1.903675640523270	2.662880472564952	0.1865304591916289	-0.006337585102209042	-0.005280495965544359	-0.002511233072582593	-0.002207902396502958	-2.624751000000000	50.72300000000000	3801149556.707697
0.1543308162502235	-0.03416086590965724	-0.005552762657684700	1.897842921691314	2.663463379116890	0.1860718086586080	-0.006196883523005386	-0.005160808258698627	-0.002355913148003793	-0.002110142208712251	-2.624756000000000	50.69600000000000	3801149559.704374
0.1543874623329904	-0.03406219207249960	-0.005512562206510437	1.895376989710463	2.670926962763401	0.1851371483469987	-0.006016895139226867	-0.005196440476799381	-0.002465550741707983	-0.002217038862620780	-2.624764000000000	50.67400000000000	3801149562.704448
0.1543938578584744	-0.03390687214341503	-0.005267704913030131	1.899416220841667	2.660441947888519	0.1843815627078776	-0.006102777921311308	-0.005151671792542146	-0.002526765065002583	-0.002273684952766838	-2.749811000000000	52.04100000000000	3801149565.708322
0.1543353844827191	-0.03386118981149137	-0.005501598447003053	1.895461958911258	2.664959933264442	0.1854624064663426	-0.006173128710946411	-0.005232986341475418	-0.002472859914711067	-0.002178665704829046	-2.749818000000000	52.03300000000000	3801149568.709084
0.1544029943234293	-0.03406219207244369	-0.005560985477309295	1.894270563985466	2.672069021313757	0.1844756682608887	-0.006078109462639635	-0.005255827506880208	-0.002513974012289598	-0.002226175328801976	-2.749820000000000	52.02700000000000	3801149571.709414
0.1544029943234231	-0.03399458222102635	-0.005328919236455898	1.902031990330032	2.656027205175663	0.1845496736790472	-0.006132014613097320	-0.005173599311372503	-0.002577015628833019	-0.002229829915222492	-2.749825000000000	52.03100000000000	3801149574.708575
0.1543755849285419	-0.03396077729527151	-0.005499771153893730	1.904161700387332	2.664159578146100	0.1854349970710779	-0.006111000740860273	-0.005154412732395636	-0.002600770440731989	-0.002335812922543555	-2.749821000000000	52.02800000000000	3801149577.705962
0.1544970999125006	-0.03409051511834996	-0.005511648559846673	1.907079887132600	2.659814272528199	0.1851033434184844	-0.006113741680793249	-0.005192785890313519	-0.002491132847043629	-0.002269116719683095	-2.874993000000000	53.55800000000000	3801149580.709435
0.1547574891638463	-0.03391600860986058	-0.005328919236344473	1.912921742691362	2.655379429510724	0.1862691562932372	-0.006150287545447708	-0.005090457469221909	-0.002577929275564545	-0.002257239313671792	-2.875003000000000	53.55800000000000	3801149583.708139
0.1543646211705894	-0.03406036477915622	-0.005663313898325972	1.909648147350959	2.658013473991555	0.1852577496536236	-0.006071713936322845	-0.005195526830169426	-0.002490219200560717	-0.002292871531680442	-2.875008000000000	53.55700000000000	3801149586.703120
0.1543774122215292	-0.03398727304793812	-0.005369119687555538	1.910788378222646	2.659142741873500	0.1859521209780871	-0.006124705440135229	-0.005148930852687311	-0.002469205328382189	-0.002288303298603676	-2.875009000000000	53.55600000000000	3801149589.708922
0.1543728439890440	-0.03392788601620178	-0.005508907620058599	1.901750587498861	2.663560225774836	0.1850156333373467	-0.006184092470293940	-0.005160808258752521	-0.002490219200382289	-0.002238052734761959	-2.875012000000000	53.56100000000000	3801149592.709952
0.1544148717278739	-0.03403204173330977	-0.005428506717690240	1.905350354435952	2.656247394254259	0.1866136010141465	-0.006073541229516467	-0.005155326379013732	-0.002183233937965414	-0.002351344914964096	-2.999943000000000	55.28100000000000	3801149595.704203
0.1543490891801547	-0.03389956297036981	-0.005427593071036460	1.907159374457825	2.662642010492779	0.1860526221063151	-0.006129273673191715	-0.005164462845195287	-0.002612647846786586	-0.002254498373839012	-2.999950000000000	55.28400000000000	3801149598.709254
0.1539717531772179	-0.03402473256012464	-0.005596617695325543	1.901530398542581	2.668897752771264	0.1859375026329979	-0.006111000740811117	-0.005182735777548120	-0.002469205328210458	-0.002213384276193271	-2.999954000000000	55.28400000000000	3801149601.709330
0.1539014023969991	-0.03386027616481136	-0.005359983221510883	1.904987636863611	2.660131308304608	0.1866026372785225	-0.006148460252229826	-0.005157153672235922	-0.002514887659051209	-0.002252671080620285	-2.999956000000000	55.28300000000000	3801149604.709236
0.1539571348332792	-0.03435273170436962	-0.005564640063696038	1.894332691975527	2.665604968111964	0.1840800593659969	-0.006115568973937460	-0.005140708033128990	-0.002404336418604198	-0.002206988749890803	-2.999962000000000	55.28300000000000	3801149607.705122
0.1539269844988875	-0.03436917734385962	-0.005347192168672258	1.907916787387106	2.661838000965975	0.1857164001897537	-0.006160337658315160	-0.005169944724948372	-0.002598943147532356	-0.002363222320977272	-3.125123000000000	57.24200000000000	3801149610.706221
0.1539361209638576	-0.03449526058037007	-0.005592963108800796	1.904806734868219	2.654161537487875	0.1840224996372798	-0.006233429387722966	-0.005184563070759794	-0.002266375779863456	-0.002313885403806593	-3.125129000000000	57.24400000000000	3801149613.709057
0.1539297254383833	-0.03433994065133805	-0.005325264649995515	1.904895358490753	2.656860451387111	0.1846319018090820	-0.006174042357460014	-0.005163549198559121	-0.002364135967621132	-0.002321194576695984	-3.125136000000000	57.24700000000000	3801149616.706581
0.1539598757727541	-0.03445231918824621	-0.005555503597464506	1.903843751521059	2.660099330327448	0.1850558337818866	-0.006072627582955086	-0.005172685664758195	-0.002600770440829038	-0.002255412020413304	-3.125142000000000	57.24200000000000	3801149619.709744
0.1539388619033474	-0.03433994065136182	-0.005405665552217220	1.907273580237220	2.659573069899719	0.1859767894471861	-0.006151201192074352	-0.005096852995514642	-0.002538642471035095	-0.002349517621755577	-3.125139000000000	57.25000000000000	3801149622.709249
0.1539425164893323	-0.03424309410741962	-0.005479670928290393	1.902538150650947	2.660615540900994	0.1858835974829363	-0.006187747056824452	-0.005150758145913813	-0.002473773561353320	-0.002294698824889222	-3.249764000000000	59.48900000000000	3801149625.708676
0.1539224162664178	-0.03393976342257553	-0.005415715665067919	1.907094505604674	2.655716564895563	0.1871426023231526	-0.006158510365043177	-0.005163549198554268	-0.002528592358250059	-0.002247189200914430	-3.249769000000000	59.43600000000000	3801149628.710362
0.1539151070944433	-0.03402473256015120	-0.005465052582358286	1.897791757385968	2.665234941307211	0.1866410104244620	-0.006108259800994293	-0.005220195288853016	-0.002472859914695744	-0.002245361907675003	-3.249769000000000	59.47800000000000	3801149631.705529
0.1539041433364893	-0.03397448199491768	-0.005564640063653006	1.904752829655045	2.657460717633174	0.1859996305909195	-0.006137496492821569	-0.005220195288822010	-0.002555088110098994	-0.002271857659460541	-3.249778000000000	59.47900000000000	3801149634.706792
0.1539324663778753	-0.03400189139415145	-0.005460484349286924	1.907714871244705	2.663530989648082	0.1861549505054667	-0.006164905891365982	-0.005127916980524375	-0.002491132846982095	-0.002227088975404216	-3.249785000000000	59.48400000000000	3801149637.705138
0.1539288117918870	-0.03396991376167962	-0.005572862883201849	1.903277290807605	2.658605517157260	0.1862664153610884	-0.006094555101773259	-0.005065789010578198	-0.002634575365542629	-0.002284648712103091	-3.374907000000000	62.09700000000000	3801149640.705850
0.1539397755498454	-0.03396808646841428	-0.005423938484498085	1.907627161448935	2.658253763376914	0.1851919671096260	-0.006189574350014330	-0.005200095063269371	-0.002714062621148603	-0.002244448261116289	-3.374921000000000	62.09900000000000	3801149643.709758
0.1542513290050569	-0.03399915045420979	-0.005581085702850350	1.908672372813329	2.649584165447632	0.1859091796027535	-0.006143892019157992	-0.005149844499324011	-0.002532246944735864	-0.002343122095462512	-3.374922000000000	62.09700000000000	3801149646.704950
0.1546405424123641	-0.03393062695612908	-0.005037465965630255	1.901873016201405	2.660799183906120	0.1855327571980454	-0.006191401643336902	-0.005158980965490723	-0.002454586982399431	-0.002190543110821265	-3.374929000000000	62.10000000000000	3801149649.709157
0.1548470265204243	-0.03395803635537887	-0.005018279386560152	1.901141185170499	2.665958549597812	0.1853820056017471	-0.006091814161906258	-0.005175426604598205	-0.002488391907102281	-0.002257239313677151	-3.374930000000000	62.10000000000000	3801149652.705633
0.1548177898325594	-0.03367937412995116	-0.005201922356590594	1.897222555906491	2.661519137991560	0.1860498811607914	-0.006114655327379290	-0.005227504461797812	-0.002415300177995798	-0.002187802170989295	-3.499721000000000	65.17100000000001	3801149655.710807
0.1553860779527824	-0.03348111280888780	-0.004930569311437891	1.897879467338603	2.660941712897176	0.1846373836851076	-0.006128360026619442	-0.005120607807593075	-0.002356826794619470	-0.002111969501979595	-3.499734000000000	65.17000000000000	3801149658.712126
0.1557716367738033	-0.03352496784768397	-0.004946101303835575	1.913589618043852	2.646161643611077	0.1861640869674050	-0.006103691567921622	-0.005101421228611076	-0.002567879162915145	-0.002292871531631812	-3.499746000000000	65.17600000000000	3801149661.710364
0.1557360045604816	-0.03358070029276031	-0.005019193033282556	1.910482306633556	2.655557590349190	0.1866976565127430	-0.006142978372461297	-0.005134312506821692	-0.002545037997382512	-0.002177752058216578	-3.499747000000000	65.17100000000001	3801149664.707787
0.1559945665185641	-0.03349755844844002	-0.004999092807706048	1.887968230780381	2.666593534276647	0.1857958874057418	-0.006166733184529228	-0.005221108935463036	-0.002371445140420010	-0.002143947133446817	-3.499755000000000	65.17100000000001	3801149667.710115
0.1561709002921045	-0.03358983675917548	-0.004959806003063456	1.902349939500683	2.661171038364978	0.1860727222849760	-0.006175869650757968	-0.005164462845185035	-0.002554174463477972	-0.002153997246239664	-3.624810000000000	68.83400000000000	3801149670.706403
0.1562238917887959	-0.03329198795436065	-0.005041120552014587	1.898936556366016	2.661473455790696	0.1854148968490478	-0.006153942131894236	-0.005143448972985182	-0.002490219200404044	-0.002273684952722781	-3.624832000000000	68.84300000000000	3801149673.706538
0.1562622649415838	-0.03308459016700303	-0.005024674912955761	1.899752442657981	2.660269268817125	0.1857310185086267	-0.006166733184562395	-0.005189131303835196	-0.002537728824361124	-0.002318453636860517	-3.624836000000000	68.84000000000000	3801149676.709687
0.1565144313740916	-0.03307819464050734	-0.004961633296293461	1.893928860220363	2.663547434692624	0.1854806793906274	-0.006169474124429433	-0.005153499085781035	-0.002436314050097742	-0.002211556982925649	-3.624847000000000	68.83900000000000	3801149679.711289
0.1568004027268728	-0.03314306355199153	-0.004930569311437419	1.898738295167501	2.661607761561944	0.1864738131135465	-0.006107346154397225	-0.005188217657262391	-0.002463723448520704	-0.002227088975385685	-3.624850000000000	68.83799999999999	3801149682.706836
0.1571950980123935	-0.03311108591957001	-0.004992697281345140	1.900471482500086	2.657212205530365	0.1859566892211984	-0.006106432507767256	-0.005147103559478857	-0.002508492132715682	-0.002209729689716857	-3.749830000000000	73.26000000000001	3801149685.711690
0.1571585521526339	-0.03300693020258952	-0.005039293258792694	1.903443574218029	2.660614627527615	0.1858287787010424	-0.006122878147007539	-0.005142535326376781	-0.002585238448371936	-0.002268203073084334	-3.749849000000000	73.31999999999999	3801149688.706782
0.1576281664505313	-0.03265334895292946	-0.004923260138457285	1.903986280229307	2.651974266275163	0.1858753746793783	-0.006162164951507370	-0.005132485213580918	-0.002575188335686330	-0.002226175328787988	-3.749854000000000	73.31900000000000	3801149691.712191
0.1576336483294931	-0.03271182233787563	-0.004974424348984359	1.893051759618783	2.662957218674142	0.1851444575027371	-0.006083591342298841	-0.005163549198573125	-0.002427177583952542	-0.002248102847537886	-3.749856000000000	73.32200000000000	3801149694.707391
0.1575833977723382	-0.03273923173706536	-0.005024674912869388	1.911963327501532	2.647870163645786	0.1828502912023744	-0.006172215064217871	-0.005130657920364921	-0.002707667095018670	-0.002232570855048831	-3.749857000000000	73.32200000000000	3801149697.712290
0.1579150514495404	-0.03268806752524982	-0.005036552318969201	1.895907818449259	2.662356952250504	0.1865679187175524	-0.006089986868667597	-0.005153499085801773	-0.002407077358432144	-0.002167701945426435	-3.812464000000000	75.93500000000000	3801149700.707976
0.1580457028981389	-0.03264329883988425	-0.004985388108413577	1.884733922404768	2.665018407073522	0.1894248911560982	-0.006118309913850340	-0.005192785890341558	-0.002363222320900690	-0.002140292547010706	-3.812473000000000	75.94900000000000	3801149703.708167
0.1580411346656702	-0.03266522635925426	-0.004993610927992306	1.899631841541626	2.662145900101730	0.1848566588711132	-0.006142978372509115	-0.005127916980509815	-0.002436314050154702	-0.002207902396490080	-3.812476000000000	75.95000000000000	3801149706.712176
0.1580402210191745	-0.03228514935711756	-0.004987215401595425	1.905722208561443	2.657661720247226	0.1861293684134753	-0.006142978372537505	-0.005137053446676809	-0.002651934651339896	-0.002268203073090800	-3.812482000000000	75.94799999999999	3801149709.712603
0.1584093342024913	-0.03223033055877120	-0.005102334875439371	1.897227123962533	2.662237264943349	0.1853043456529914	-0.006084504988951174	-0.005135226153455962	-0.002421695704259028	-0.002262721193366661	-3.812514000000000	75.93000000000001	3801149712.708076
0.1586560187556501	-0.03224494890500590	-0.004984474461834494	1.907428900062004	2.646527102229536	0.1863385934612939	-0.006173128710832199	-0.005092284762454603	-0.002215211569517528	-0.002366876907429482	-3.874778000000000	78.86799999999999	3801149715.706935
0.1589429037544689	-0.03220109386628635	-0.004971683409092347	1.900925564812117	2.657616037343266	0.1857273639116776	-0.006104605214629846	-0.005169031078306784	-0.002380581606718357	-0.002262721193359386	-3.874788000000000	78.87200000000000	3801149718.708293
0.1589209762386388	-0.03225499901802044	-0.004962546942981449	1.905181329552462	2.658207167301221	0.1862810337235553	-0.006161251304834408	-0.005150758145951812	-0.002542297057488690	-0.002253584727271679	-3.874790000000000	78.87000000000000	3801149721.712527
0.1589228035316287	-0.03225225807808013	-0.005023761266291168	1.899656510028328	2.660774515665474	0.1862636744203134	-0.006142064725866942	-0.005136139800081090	-0.002417127471236534	-0.002222520742312958	-3.874798000000000	78.87500000000000	3801149724.707424
0.1589136670666980	-0.03222941691210223	-0.005057566191167598	1.898876255874989	2.662309443053396	0.1868639401461440	-0.006159424011717646	-0.005139794386511695	-0.002422609350910998	-0.002220693449076212	-3.874803000000000	78.87500000000000	3801149727.711578
0.1589127534201998	-0.03224768984492659	-0.004978992582069894	1.902014631183448	2.657420517165535	0.1853116548005440	-0.006148460252286050	-0.005109644048177196	-0.002483823674145636	-0.002280994125669949	-3.937449000000000	82.23699999999999	3801149730.711451
0.1589502129264153	-0.03222484867893484	-0.005008229273807729	1.899027007326858	2.662878644986715	0.1852212038106681	-0.006102777921298938	-0.005163549198591196	-0.002430832170449644	-0.002211556982944733	-3.937463000000000	82.24100000000000	3801149733.711678
0.1589538675123784	-0.03222119409234165	-0.004976251642225579	1.887321369088705	2.672055316930587	0.1849215277753731	-0.006160337658249520	-0.005116953221107464	-0.002396113599020920	-0.002228916268655172	-3.937466000000000	82.23900000000000	3801149736.712051
0.1588880849648947	-0.03221845315244581	-0.005032897732463251	1.907251652674361	2.647149295842450	0.1854633201284136	-0.006150287545412864	-0.005098680288775655	-0.002376013373757649	-0.002274598599376322	-3.937467000000000	82.24200000000000	3801149739.711226
0.1589218898851283	-0.03222941691210114	-0.005009142920460413	1.897525886131582	2.665224890983029	0.1858159876776615	-0.006091814161943783	-0.005147103559453270	-0.002426263937328800	-0.002232570855052054	-3.937470000000000	82.24100000000000	3801149742.712348
0.1587464697584622	-0.03220383480618991	-0.005000006454288088	1.901016929375064	2.656950902459740	0.1854432198993786	-0.006134755552994523	-0.005141621679768918	-0.002407991005081657	-0.002262721193369594	-4.000076000000000	86.08700000000000	3801149745.708225
0.1581123990921468	-0.03240118248034596	-0.004984474461787835	1.905819054957180	2.657203068780229	0.1854340834271100	-0.006079936755948709	-0.005114212281272566	-0.002619043373104894	-0.002336726569129934	-4.000086000000000	86.09000000000000	3801149748.713164
0.1580530120700880	-0.03267619011891972	-0.005056652544505325	1.904236619463627	2.653448892661292	0.1852275993520779	-0.006133841906387207	-0.005154412732421784	-0.002513060365827921	-0.002247189200946389	-4.000090000000000	86.08199999999999	3801149751.707941
0.1578355642045910	-0.03267801741219468	-0.004986301754999338	1.902169037545885	2.658964580824379	0.1864171670291311	-0.006156683071776227	-0.005137053446680306	-0.002537728824431288	-0.002212470629542670	-4.000090000000000	86.08900000000000	3801149754.708102
0.1575934478837685	-0.03267984470544498	-0.005017365739965282	1.900897241737701	2.661547461285591	0.1859375026576006	-0.006078109462598331	-0.005135226153457320	-0.002557829049871860	-0.002301094351176912	-4.000095000000000	86.09000000000000	3801149757.713682
0.1572334711651425	-0.03271913151096591	-0.005029243146019846	1.899735083369535	2.663032137886660	0.1860553630262826	-0.006093641455183015	-0.005196440476810157	-0.002466464388379832	-0.002279166832435913	-4.062448000000000	90.51600000000001	3801149760.707963
0.1571695159105645	-0.03283242369434326	-0.004963460589572551	1.898642362272688	2.658855856548147	0.1854441335281994	-0.006110087094218620	-0.005137053446689206	-0.002386063486379343	-0.002282821418910700	-4.062450000000000	90.51600000000001	3801149763.714018
0.1567638568670909	-0.03314214990533938	-0.004984474461833754	1.907030550221104	2.658363401017945	0.1863468162516678	-0.006201451756059471	-0.005161721905338278	-0.002614475140068212	-0.002154910892830091	-4.062455000000000	90.51800000000000	3801149766.713942
0.1562229781422962	-0.03309829486657759	-0.005003661040692693	1.900824149917685	2.658955444212763	0.1859786167113578	-0.006131100966444890	-0.005161721905319689	-0.002503010253014358	-0.002291044238430026	-4.062460000000000	90.52300000000000	3801149769.714346
0.1560439034292755	-0.03346375352272559	-0.004945187657349823	1.903005937674432	2.662188841173889	0.1854386516705686	-0.006097296041606997	-0.005074925476746784	-0.002565138222790258	-0.002298353411361862	-4.062466000000000	90.53000000000000	3801149772.713901
0.1557159043375964	-0.03358618217255602	-0.005029243145958808	1.917627935465483	2.651035950432503	0.1883888161146088	-0.006122878146889809	-0.005140708033154851	-0.002556915403340567	-0.002191456757418673	-4.125008000000000	95.74200000000000	3801149775.711926
0.1554701334303704	-0.03352953608082976	-0.004967115176052042	1.902338975812656	2.663626008721420	0.1861869281195574	-0.006078109462675519	-0.005145276266227033	-0.002443623223054309	-0.002261807546763606	-4.125013000000000	95.74500000000000	3801149778.712498
0.1549950372527206	-0.03368759694969811	-0.004985388108504346	1.907236120582133	2.660254650500486	0.1874203508576139	-0.006105518861191461	-0.005106903108338816	-0.002512146719140749	-0.002312971757193861	-4.125021000000000	95.74500000000000	3801149781.708152
0.1545930327945813	-0.03397996387475605	-0.004951583183628309	1.904761052440699	2.656937197917211	0.1859548619189029	-0.006105518861217449	-0.005157153672263945	-0.002485650967359005	-0.002245361907699442	-4.125022000000000	95.74299999999999	3801149784.713916
0.1544029943234249	-0.03398818669452743	-0.005043861491877712	1.911117290855527	2.652031826137816	0.1875336430259857	-0.006134755552900846	-0.005179994837687595	-0.002550519877022517	-0.002238052734741269	-4.125023000000000	95.74299999999999	3801149787.713059
0.1539863715211496	-0.03397174105494757	-0.004984474461850074	1.897394321090433	2.665000133671670	0.1852458722824923	-0.006168560477773813	-0.005147103559462150	-0.002441795929784277	-0.002226175328757647	-4.187525000000000	101.9800000000000	3801149790.709883
0.1539141934479427	-0.03438470933673290	-0.004948842243662174	1.906432111873924	2.664329516935813	0.1845021640391755	-0.006132928259716513	-0.005116953221087776	-0.002594374914490285	-0.002251757433991436	-4.187528000000000	101.9800000000000	3801149793.710343
0.1535085344034798	-0.03441760061580876	-0.005465966228987028	1.903141157354815	2.658821138149024	0.1858854247671689	-0.006098209688225662	-0.005153499085764876	-0.002511233072548193	-0.002255412020510557	-4.187529000000000	101.9800000000000	3801149796.713546
0.1532033764735342	-0.03436552275727588	-0.005503425740218411	1.906507944508441	2.656710613278785	0.1858105057809235	-0.006160337658317293	-0.005111471341380256	-0.002418954764528903	-0.002293785178290202	-4.187526000000000	101.9800000000000	3801149799.708631
0.1527849263779025	-0.03449982881356155	-0.005451347883057829	1.904445844614285	2.661992407436367	0.1844619635744141	-0.006113741680670806	-0.005147103559481555	-0.002600770440840055	-0.002221607095705334	-4.187524000000000	101.9800000000000	3801149802.714618
0.1526213836549187	-0.03486437382350194	-0.005481498221397477	1.905714899467343	2.661595884308182	0.1864025486968676	-0.006153028485302800	-0.005110557694800424	-0.002524937771790065	-0.002201506870165605	-4.249932000000000	109.5800000000000	3801149805.709659
0.1523390668872016	-0.03487990581646019	-0.005416629311670994	1.903746904917014	2.659779553889445	0.1858991294855229	-0.006288248184734111	-0.005259482093383589	-0.002434486756913151	-0.002158565479299778	-4.249940000000000	109.5800000000000	3801149808.712267
0.1521627331131925	-0.03485523735708011	-0.005497030213939426	1.905325685909621	2.658574453501453	0.1858863384467505	-0.006182265177075486	-0.005137053446695665	-0.002533160591336774	-0.002217038862642264	-4.249944000000000	109.5900000000000	3801149811.714561
0.1521828333361359	-0.03481503690485013	-0.005423938484662612	1.901842865669338	2.662929808897412	0.1859420708697207	-0.006289161831403150	-0.005318869123485684	-0.002456414275652821	-0.002234398148321285	-4.249949000000000	109.5900000000000	3801149814.708955
0.1517954472210860	-0.03485066912389775	-0.005459570702658628	1.900221142956436	2.663408559668857	0.1863532116484819	-0.006195056229718648	-0.005207404236196920	-0.002488391907126479	-0.002253584727231124	-4.249948000000000	109.6000000000000	3801149817.710393
0.1517424557242173	-0.03532850631761847	-0.005469620815454796	1.903269981525172	2.662735202572153	0.1861677415645115	-0.006164905891350288	-0.005154412732420437	-0.002552347170233166	-0.002280994125647388	-4.312634000000000	119.1800000000000	3801149820.710378
0.1512828915356793	-0.03529287409853334	-0.005461397995904064	1.902698038786718	2.664472046140539	0.1848018400483220	-0.006269975252377526	-0.005254913860281503	-0.002566965516012209	-0.002261807546757145	-4.312650000000000	119.1900000000000	3801149823.713067
0.1512737550707089	-0.03534129737056434	-0.005486066454540055	1.902429426673499	2.661575784641493	0.1845176960510027	-0.006151201192093011	-0.005222022582057131	-0.002539556117633859	-0.002252671080649838	-4.312656000000000	119.1900000000000	3801149826.709108
0.1513093872841366	-0.03527186022574822	-0.005452261529746405	1.901292850693937	2.664890496228609	0.1859703939006934	-0.006190487996602805	-0.005239381867822047	-0.002469205328248898	-0.002235311794933469	-4.312655000000000	119.1900000000000	3801149829.714459
0.1511942678253403	-0.03527003293250682	-0.005473275401862633	1.907350326532270	2.659301716804853	0.1864189943306031	-0.006171301417632639	-0.005228418108366047	-0.002509405779365752	-0.002310230817321035	-4.312651000000000	119.1900000000000	3801149832.710528
0.1508516503884524	-0.03530109691830140	-0.005435815890584603	1.901173162963370	2.664714161966791	0.1856551858846516	-0.006111914387484757	-0.005209231529414503	-0.002414386531380111	-0.002206988749877891	-4.374981000000000	131.6000000000000	3801149835.709961
0.1504715734449941	-0.03561813230319661	-0.005416629311644359	1.910547175655251	2.660122171805926	0.1864637629918360	-0.006170387771039927	-0.005179994837708089	-0.002619043373167556	-0.002246275554303044	-4.374994000000000	131.7400000000000	3801149838.714669
0.1499727224565692	-0.03574695647970832	-0.005458657056005004	1.901724091710016	2.664393472013781	0.1859621710833654	-0.006124705440124386	-0.005208317882844139	-0.002516714952208647	-0.002155824539463508	-4.375002000000000	131.7500000000000	3801149841.713640
0.1503591949256338	-0.03574056095322879	-0.005445866003397350	1.903887606379085	2.667746557146428	0.1849050821242489	-0.006121964500291162	-0.005158980965471311	-0.002472859914686334	-0.002237139088161062	-4.375005000000000	131.7500000000000	3801149844.714161
0.1501901703233246	-0.03575974753273539	-0.005491548334271342	1.905716726750362	2.662343247634421	0.1852851590815099	-0.006092727808608046	-0.005134312506857265	-0.002620870666348901	-0.002195111343928110	-4.375004000000000	131.7600000000000	3801149847.709987
0.1498895806251244	-0.03573782001329178	-0.005440384123750271	1.907731317215511	2.659756712798612	0.1845231779233111	-0.006195969876446382	-0.005155326379040432	-0.002554174463504280	-0.002283735065509713	-4.406371000000000	139.8200000000000	3801149850.710211
0.1495460495413925	-0.03568756944796613	-0.005425765777841455	1.902951118911435	2.660245514068706	0.1869717504626323	-0.006188660703424062	-0.005201008709873995	-0.002511233072565660	-0.002258152960260609	-4.406377000000000	139.8100000000000	3801149853.715400
0.1494775260539251	-0.03612337889651526	-0.005456829762779126	1.904909976902031	2.663950353355871	0.1865825370552363	-0.006224292921510282	-0.005222936228685201	-0.002525851418365404	-0.002258152960290972	-4.406386000000000	139.8200000000000	3801149856.714304
0.1491614043650660	-0.03618642051482435	-0.005479670928183901	1.904755570920921	2.661906524876428	0.1853911420928426	-0.006241652207300909	-0.005107816754927252	-0.002512146719172460	-0.002257239313663457	-4.406384000000000	139.8100000000000	3801149859.711919
0.1491559224860730	-0.03620012521444485	-0.005514389499685767	1.907767863023287	2.658114888789006	0.1846054060905583	-0.006160337658288033	-0.005175426604574471	-0.002666552997170562	-0.002249930140761176	-4.406391000000000	139.8200000000000	3801149862.715809
0.1488434553831103	-0.03618093863498755	-0.005458657056023672	1.904625832810443	2.663452415609893	0.1853966239218481	-0.006094555101779683	-0.005182735777529779	-0.002514887659041002	-0.002231657208442562	-4.437604000000000	149.5700000000000	3801149865.710609
0.1486643806691196	-0.03616175205545206	-0.005448606943267445	1.906561849731720	2.658363400746655	0.1872357942674963	-0.006117396267236865	-0.005127003333896298	-0.002473773561401690	-0.002329417396230619	-4.437600000000000	149.5800000000000	3801149868.712131
0.1482806491390446	-0.03615352923567067	-0.005436729537192236	1.905713985919963	2.662684038068777	0.1868072940733075	-0.006069886643061362	-0.005142535326385140	-0.002579756568700211	-0.002309317170709133	-4.437605000000000	149.5800000000000	3801149871.715075
0.1482623762090385	-0.03661309349709276	-0.005469620815457275	1.897338588797644	2.670521303369979	0.1860160762177685	-0.006041563597925261	-0.005226590815146275	-0.002515801305549432	-0.002224348035517428	-4.437602000000000	149.5800000000000	3801149874.710571
0.1478539762233065	-0.03661492079035408	-0.005453175176393946	1.906146140479938	2.660860398551029	0.1863568663708040	-0.006137496492834466	-0.005137967093279022	-0.002524024125195334	-0.002275512246002761	-4.437602000000000	149.5800000000000	3801149877.713972
0.1477973301402775	-0.03662953913670904	-0.005497030214077245	1.905847378109171	2.659595911033639	0.1852897272835693	-0.006194142583137096	-0.005128830627149745	-0.002514887659058194	-0.002223434388964620	-4.469034000000000	162.2100000000000	3801149880.713347
0.1478338760003044	-0.03665694853594845	-0.005465052582485097	1.903280031629315	2.665544667471083	0.1846538293556099	-0.006094555101742472	-0.005116039574483416	-0.002439968636591335	-0.002305662584253956	-4.469045000000000	162.2200000000000	3801149883.711271
0.1474099440239305	-0.03661035255717404	-0.005474189048537349	1.901617195145972	2.661139974613080	0.1857227957183206	-0.006150287545552968	-0.005119694160974145	-0.002376013373584615	-0.002243534614443375	-4.469045000000000	162.2200000000000	3801149886.715411
0.1474190804889370	-0.03664689842291801	-0.005464138935756752	1.904591114236722	2.660755329243335	0.1865670050463686	-0.006074454876137559	-0.005169944724882043	-0.002558742696549883	-0.002294698824894600	-4.469044000000000	162.2200000000000	3801149889.714710
0.1474163395494359	-0.03666060312254339	-0.005461397995815188	1.902419376535119	2.659902896682097	0.1864783813607623	-0.006144805665755816	-0.005127916980504149	-0.002433573110264147	-0.002217038862649524	-4.469039000000000	162.2300000000000	3801149892.716541
0.1473743118103985	-0.03662314361017284	-0.005459570702654050	1.905845550912042	2.660131307945159	0.1857629961920243	-0.006171301417655390	-0.005116953221115259	-0.002571533749148907	-0.002244448261110635	-4.500174000000000	180.0400000000000	3801149895.711542
0.1469704800568914	-0.03669623534163081	-0.005483325514719070	1.898296090264025	2.666433646163460	0.1839868674332828	-0.006163078598070331	-0.005150758145936454	-0.002514887659046909	-0.002290130591804673	-4.500191000000000	180.0400000000000	3801149898.716707
0.1473944120334165	-0.03668801252185837	-0.005421197544665700	1.899193291035784	2.663153652922479	0.1842143653825820	-0.006105518861143495	-0.005157153672263676	-0.002425350290761500	-0.002238966381403956	-4.500195000000000	180.0400000000000	3801149901.715334
0.1471276272550835	-0.03662131631688825	-0.005441297770293978	1.900006436416975	2.663827010746550	0.1853947966484612	-0.006094555101759999	-0.005139794386540008	-0.002467378035051933	-0.002230743561878464	-4.500192000000000	180.0500000000000	3801149904.712041
0.1469302796108470	-0.03699499779403007	-0.005501598447009687	1.904860639943060	2.660422761451235	0.1869589593894999	-0.006143892019138265	-0.005146189912835170	-0.002566051869495981	-0.002228916268574846	-4.500193000000000	180.0800000000000	3801149907.716272
0.1469092657413179	-0.03712016738414608	-0.005404751905580072	1.900600306614920	2.660568031456260	0.1854642337707376	-0.006122878146922670	-0.005201922356506922	-0.002524937771784678	-0.002196024990530366	-4.512447000000000	190.7000000000000	3801149910.710979
0.1464844201181429	-0.03710920362442966	-0.005476929988449178	1.903856542514019	2.657838053730729	0.1870156054644596	-0.006123791793561612	-0.005144362619625630	-0.002491132847039342	-0.002222520742308634	-4.512461000000000	190.7100000000000	3801149913.717384
0.1464944702296577	-0.03708818975160515	-0.005444038710152017	1.903278204153293	2.657616951553945	0.1860571903294491	-0.006158510364970633	-0.005192785890318383	-0.002498442019988129	-0.002249016494132585	-4.512470000000000	190.7300000000000	3801149916.716177
0.1464908156436522	-0.03708910339826723	-0.005425765777816761	1.900075873571759	2.659568501436092	0.1845944423041395	-0.006067145703238620	-0.005117866867714489	-0.002481996380868340	-0.002221607095731923	-4.512492000000000	190.7200000000000	3801149919.715768
0.1465008657551749	-0.03709093069154908	-0.005509821266526806	1.901348583126740	2.658154175662290	0.1858909066591110	-0.006161251304874931	-0.005105075815089661	-0.002481082734389460	-0.002280080479069332	-4.512499000000000	190.7600000000000	3801149922.716942
0.1467758733521052	-0.03710372174460561	-0.005439470477084185	1.899876698610064	2.661312653825661	0.1859777030805258	-0.006158510364969835	-0.005116953221102323	-0.002449105102727953	-0.002228916268613548	-4.524862000000000	205.3000000000000	3801149925.711223
0.1469439843083665	-0.03708270787175886	-0.005446779649979140	1.904180886827630	2.655192131049370	0.1860699813864451	-0.006083591342370561	-0.005123348747432798	-0.002387890779625737	-0.002392459012627027	-4.524870000000000	205.3500000000000	3801149928.712646
0.1469348478433519	-0.03705438482585752	-0.005469620815398040	1.894903720876288	2.666440955300317	0.1856122444952022	-0.006089986868680091	-0.005211972469263414	-0.002529506004821936	-0.002260893900141764	-4.524874000000000	205.3500000000000	3801149931.717086
0.1469430706618662	-0.03711377185765547	-0.005483325514758335	1.901021497597018	2.662977318902392	0.1864920860490347	-0.006108259800982688	-0.005188217657224370	-0.002551433523605927	-0.002305662584296674	-4.524887000000000	205.3700000000000	3801149934.712191
0.1468763744672654	-0.03710828997778918	-0.005389219913139508	1.899296532895591	2.657986064555314	0.1858726337205361	-0.006100036981508588	-0.005121521454167764	-0.002525851418396838	-0.002311144463921940	-4.524897000000000	205.4000000000000	3801149937.716982
0.1465173113922002	-0.03709275798483566	-0.005465052582376233	1.896889988372434	2.660716042393844	0.1858141603665559	-0.006140237432685772	-0.005141621679785915	-0.002368704200647116	-0.002298353411322631	-4.537310000000000	224.3000000000000	3801149940.712264
0.1464780245926335	-0.03707905328520770	-0.005417542958267000	1.898514451804242	2.661404018699288	0.1857063500680132	-0.006153942131947102	-0.005113298634644751	-0.002440882283226105	-0.002270030366239125	-4.537317000000000	224.3400000000000	3801149943.716969
0.1465182250386992	-0.03706078035233155	-0.005494289274114241	1.900537265046733	2.659383031017281	0.1860891679601853	-0.006182265177116865	-0.005131571566951238	-0.002474687207947485	-0.002271857659525282	-4.537321000000000	224.4100000000000	3801149946.716463
0.1469430706618678	-0.03677937718619570	-0.005441297770316440	1.895144010141993	2.663403992313182	0.1832340227249658	-0.006170387771048924	-0.005120607807553159	-0.002504837546225303	-0.002226175328789346	-4.537332000000000	224.3900000000000	3801149949.713030
0.1469540344198806	-0.03662040267024524	-0.005449520589815634	1.901565117301641	2.659712857918775	0.1851837443184323	-0.006134755552964002	-0.005177253897844633	-0.002490219200458325	-0.002237139088160247	-4.537346000000000	224.4500000000000	3801149952.713528
0.1469385024293586	-0.03665512124269577	-0.005487893747801315	1.903795328268819	2.657265196517262	0.1866199965605159	-0.006157596718336640	-0.005173599311343934	-0.002502096606431474	-0.002337640215805788	-4.549755000000000	243.4200000000000	3801149955.712708
0.1469512934803804	-0.03665329394936072	-0.005412061078520949	1.907637211382806	2.653911198551987	0.1850905523560340	-0.006081764049105809	-0.005119694160955284	-0.002384236193130258	-0.002329417396274384	-4.549769000000000	-503550.0000000000	3801149958.717213
0.1473852755684019	-0.03664324383631971	-0.005471448108621277	1.900991347451632	2.665751151753263	0.1858443107329690	-0.006179524237211229	-0.005165376491816859	-0.002447277809473488	-0.002191456757435337	-4.549759000000000	-495490.0000000000	3801149961.713084
0.1476237373051185	-0.03663319372314033	-0.005456829762622813	1.901065352617007	2.660938972606184	0.1850311653607299	-0.006114655327352826	-0.005189131303876716	-0.002549606230372156	-0.002334899275973819	-4.549718000000000	-458100.0000000000	3801149964.717346
0.1478521489303147	-0.03665329394928524	-0.005404751905472739	1.910530729819059	2.653296314148433	0.1868822130733245	-0.006189574349993416	-0.005149844499315639	-0.002532246944817574	-0.002284648712098247	-4.549707000000000	-533240.0000000000	3801149967.713792
0.1478420988188131	-0.03665146665600400	-0.005467793522028416	1.908845052179612	2.652778276071798	0.1864317853721759	-0.006153028485265309	-0.005156240025618095	-0.002523110478588511	-0.002304748937628868	-4.549696000000000	-483220.0000000000	3801149970.717985
0.1478046393122857	-0.03671359462773885	-0.005455002469385259	1.902699866125942	2.663538298389622	0.1862006328293244	-0.006161251304860864	-0.005181822130902244	-0.002479255441037179	-0.002259066606903677	-4.549681000000000	-512870.0000000000	3801149973.714381
0.1478137757772845	-0.03666517135565130	-0.005470534461917769	1.900724562933237	2.664334999263519	0.1855921442610286	-0.006121964500281156	-0.005170858371504993	-0.002553260816823304	-0.002228916268652739	-4.549657000000000	-567000.0000000000	3801149976.716283
0.1477891073217732	-0.03663319372313535	-0.005407492845393448	1.912751804333358	2.649748622032378	0.1862618471142317	-0.006131100966506433	-0.005124262394065979	-0.002482910027569165	-0.002448191456147475	-4.549631000000000	-483850.0000000000	3801149979.716194
0.1479380317013606	-0.03619098874793484	-0.005437643183676696	1.905351267988481	2.658156002726849	0.1873892868818007	-0.006121964500244483	-0.005190044950479188	-0.002469205328344814	-0.002247189200917103	-4.549599000000000	-491020.0000000000	3801149982.717502
0.1483190222920623	-0.03617819769495156	-0.005516216792759960	1.901067180050184	2.661425946376339	0.1845423644591127	-0.006116482620571845	-0.005114212281249648	-0.002459155215518372	-0.002240793674621885	-4.549564000000000	-501400.0000000000	3801149985.718459
0.1485099744105900	-0.03619281604122025	-0.005476929988222383	1.903721322758358	2.662148640643745	0.1856944726727404	-0.006142064725895346	-0.005132485213571754	-0.002420782057715090	-0.002264548486581333	-4.549521000000000	-493330.0000000000	3801149988.717796
0.1490389757340835	-0.03616083840873092	-0.005435815890489400	1.905708503865438	2.658233663152164	0.1863221478039196	-0.006106432507818745	-0.005193699536979602	-0.002542297057529267	-0.002175924764961863	-4.549480000000000	-503560.0000000000	3801149991.713602
0.1491623180115702	-0.03614896100245132	-0.005460484349197597	1.902490641236603	2.663342777846615	0.1847579850468267	-0.006167646831236664	-0.005177253897829810	-0.002506664839480574	-0.002255412020436160	-4.549441000000000	-509990.0000000000	3801149994.717284
0.1492180504480437	-0.03620012521445590	-0.005521698672583129	1.901152148912904	2.662165086572235	0.1861814462509203	-0.006246220440337365	-0.005226590815165692	-0.002519455892089007	-0.002258152960322658	-3.813625000000000	-526830.0000000000	3801149997.714206
0.1495423949553914	-0.03614804735583354	-0.005485152807876054	1.905401518657109	2.660546103779114	0.1840700092594599	-0.006202365402668863	-0.005264963973086017	-0.002480169087648811	-0.002265462133236775	-1.933682000000000	47.15100000000000	3801150000.719479
